A-n32-k5.vrp
933.891728
1020.61078
1048.69396
1082.94725
981.809558
981.639382
1045.84174
924.211048
893.021138
920.334084
XML100_1111_01.vrp
40799.0507
40235.6060
37951.8999
39842.2382
38588.2288
39464.9175
37968.4415
39013.5318
41620.8093
39236.4010
Li-21.vrp
124574.988
126692.816
128454.607
122588.628
120729.775
122853.043
125908.344
121934.277
121425.803
124818.380
X-n1001-k43.vrp
452736.140
464423.611
463659.155
454902.889
459523.834
457094.818
463525.582
451197.713
456418.544
471104.972
tai150a.vrp
5953.42296
5812.61337
6330.64730
6086.06142
6449.60566
6818.33815
5567.20929
5450.59408
6402.01042
5923.82936
