A-n32-k5.vrp
1030.20384
843.119658
896.117987
857.800553
980.035925
934.111715
914.427239
927.790361
853.695372
974.129873
XML100_1111_01.vrp
36925.9572
36177.7240
36320.4554
36613.3585
36716.7029
36352.1105
36551.5653
36021.3975
36940.8717
38038.1675
Li-21.vrp
106294.096
109818.681
110837.439
111217.783
111537.241
107048.794
108176.824
105224.784
106653.397
113125.897
X-n1001-k43.vrp
390727.483
398328.803
389557.153
397648.831
408548.779
395899.708
382430.241
393436.632
389803.953
375378.622
tai150a.vrp
4670.64748
5650.62099
4715.98824
5032.54486
5758.43779
5269.80882
5230.44221
4950.09416
4938.56608
5057.55909
