A-n32-k5.vrp
1088.22323
1044.58780
1314.31146
1249.01075
1212.25498
1041.16299
1078.51413
1211.99349
1181.28297
1069.33300
XML100_1111_01.vrp
54212.8121
49282.9247
51945.3799
50400.4049
47364.1906
48544.5692
55380.0030
46307.2384
50073.7967
50641.9120
Li-21.vrp
100646.991
105756.058
101710.930
102708.105
109506.931
105722.991
100232.550
101529.760
107120.005
104099.327
X-n1001-k43.vrp
417868.028
405830.040
414275.416
408457.977
406739.553
412772.826
436744.936
426110.406
394717.264
417307.086
tai150a.vrp
9262.77814
10952.4098
9546.78290
11345.1392
8870.52096
11226.8458
11898.9343
10282.0531
10498.7797
15153.7649
