A-n32-k5.vrp
1169.24936
1239.95090
1070.36144
1029.84558
1182.59051
1077.19085
1213.83168
1173.21861
1314.46306
1238.48095
XML100_1111_01.vrp
45538.3358
47980.6464
48851.0322
47636.6581
48187.2599
46909.3920
48100.5466
47412.8866
45871.8229
46066.1682
Li-21.vrp
134936.902
140363.599
142032.308
140122.915
137593.135
149774.511
140474.746
141176.974
136519.675
139433.710
X-n1001-k43.vrp
454141.912
448146.548
559117.720
442735.714
440675.184
451926.864
463540.660
452885.959
440480.249
449970.403
tai150a.vrp
8255.83864
8199.78691
7747.83449
7826.53643
8469.20531
9019.79252
8321.31187
8014.07533
7802.97415
8479.89333
