A-n32-k5.vrp
1020.26536
988.857170
920.158462
940.530662
1097.71787
956.235196
952.868119
952.605323
993.537319
952.868119
XML100_1111_01.vrp
32493.9262
32648.5692
32365.7967
31383.8586
32596.7968
31586.5860
31500.3304
31639.2276
31515.0325
32077.4149
Li-21.vrp
21766.7978
21841.3557
21154.0120
22016.8945
22701.4591
22238.1728
23127.7713
20430.2904
22183.9520
21322.6422
X-n1001-k43.vrp
89285.6106
87443.3654
88405.8245
88445.2583
87447.9332
88997.7559
87998.3105
90624.4250
88889.8416
89201.1832
tai150a.vrp
3459.06939
3443.25727
3624.50718
3446.93289
3497.13639
3562.09171
3437.57671
3703.16334
3426.80751
3665.61866
