gox
53784752.3
44829182.3
41081569.8
39570370.6
37922746.5
37333672.7
36770554.0
36216668.2
35938228.4
36120870.7
35844965.2
35521933.9
35478133.6
35393970.5
35220187.4
35607662.3
35157827.0
35143067.4
34781753.3
34777923.1
34329056.8
34329056.8
34329056.8
34099267.2
34650866.6
34465139.3
34411960.0
34223065.6
34223065.6
34142931.9
33874228.5
33874228.5
33896800.0
33657939.3
33657939.3
33912803.2
33912803.2
33579646.5
33768538.4
33768538.4
33732461.3
33301672.1
33301672.1
33467458.7
33269503.6
33269503.6
33305444.0
33193468.6
33102965.8
33102965.8
33145240.5
33145240.5
33145240.5
33281781.0
33134007.9
33093733.1
32980997.4
33093076.6
32702522.2
32909870.9
32778602.3
32778602.3
32778602.3
33072990.6
33000216.7
32966969.2
33055270.9
32975697.8
32984129.9
32764587.9
32828185.8
32583939.1
32662783.7
32120874.6
31987455.2
31481157.2
31423004.2
31593226.5
31737828.4
31484371.7
31484371.7
31600732.1
31603998.7
31547434.5
31491875.0
31239436.4
31091950.1
31091950.1
31179039.7
31179039.7
31120376.1
30911363.7
30951590.9
30922331.8
30747476.8
30747476.8
30660315.4
30357617.9
30357617.9
30357617.9
30357617.9
30213498.6
30213498.6
30075984.3
29985656.3
29930638.2
29519799.4
29513933.8
29563773.2
29432510.0
29398984.2
29325003.4
29212953.3
29212953.3
29193257.6
29166079.9
29184820.2
29169646.1
29135691.3
29090343.5
29006527.6
29006527.6
28988010.2
28967259.7
28967259.7
28949344.6
28859266.1
28762788.0
28755181.9
28819977.2
28732409.7
28699539.8
28662352.2
28638441.2
28668919.5
28493385.7
28493385.7
28493385.7
28493385.7
28535131.1
28262251.2
28262251.2
28261897.1
28415070.2
28256371.8
28194315.5
28085009.9
28115449.4
28053442.3
28206206.0
28134265.2
28134265.2
28128888.5
28128888.5
27993682.6
27993682.6
27993682.6
27963291.1
27875183.6
27875183.6
27851071.4
27835832.2
27723952.0
27447263.3
27454502.6
27406052.6
27406052.6
27506990.9
27363469.1
27448435.4
27139014.7
27428848.2
27235292.2
27235292.2
27292030.8
27152873.0
27122884.7
27122884.7
27122884.7
27134025.6
27134025.6
27034080.2
26959763.3
26959763.3
26959763.3
27102254.7
26786286.0
26786286.0
26783384.6
26786175.7
26654795.3
26662312.9
26662312.9
26706188.0
26575268.0
26575268.0
26575268.0
26517498.6
26599133.2
26573996.1
26551998.3
26467310.9
26467310.9
26570218.5
26448346.7
26421795.5
26448346.7
26448346.7
26448346.7
26373915.6
26373915.6
26408722.8
26276992.3
26370694.9
26349198.2
26296262.1
26203767.4
26178881.0
26235800.1
26273378.0
26131453.8
26193899.1
26160586.5
26193908.0
26190318.6
26167973.7
26110147.8
26110147.8
26105788.4
26105788.4
26079418.5
26083862.0
25973374.0
25973374.0
26041980.2
26063148.6
26021195.2
26021195.2
26028366.9
26021544.4
25918180.7
25918180.7
25947574.1
25891020.1
25891020.1
25907610.7
25910590.6
25929095.1
25929095.1
25930147.1
25930147.1
25897490.7
25897490.7
25897490.7
25894112.5
25775075.5
25843541.3
25683463.0
25641317.3
25612909.0
25612909.0
25495183.7
25495183.7
25441881.0
25307359.2
25307359.2
25307359.2
25204723.5
25204723.5
25177601.2
25205695.9
25194692.8
25261734.7
25119657.3
25172859.6
25143996.4
25143996.4
25187062.1
25110785.6
25006856.6
24999920.2
25006856.6
25006856.6
25094724.3
25087791.8
25036436.6
25036436.6
24912176.7
24912176.7
25029987.2
24985374.4
24985374.4
24985374.4
25032743.7
25032743.7
24968530.8
24943103.5
24943103.5
24956507.7
24889215.9
24972803.0
24987068.8
24851245.2
24836508.5
24893544.8
24720506.0
24720506.0
24720506.0
24793708.0
24793708.0
24840283.1
24842479.2
24918581.3
24846694.4
24846694.4
24808099.9
24808099.9
24899520.8
24881097.7
24789486.5
24904940.4
24759168.8
24807435.4
24807435.4
24807435.4
24934633.7
24852796.9
24969538.2
24973990.7
24939043.8
24816456.1
24816456.1
24816456.1
24816456.1
24860267.4
24860267.4
24860267.4
24953531.6
24946836.1
24806101.1
24806101.1
24838371.1
24761880.8
24838371.1
24751241.5
24751241.5
24788351.8
24853350.6
24853350.6
24844835.6
24844835.6
24762633.5
24762633.5
24762633.5
24834415.9
24834415.9
24765180.9
24765180.9
24830588.2
24852415.5
24852415.5
24801388.8
24778488.5
24778488.5
24778488.5
24904124.7
24904124.7
24904124.7
24961446.3
24876716.4
24876716.4
24894048.3
24844932.7
24808442.5
24819758.0
24837445.9
24837445.9
24848529.5
24848529.5
24854862.9
24768278.3
24871997.0
24846889.9
24861678.9
24718521.3
24725783.6
24622263.1
24622263.1
24576931.3
24556601.2
24556601.2
24628312.6
24553953.6
24553953.6
24575763.5
24575763.5
24685628.9
24641987.2
24537028.4
24559527.5
24559527.5
24575915.7
24426859.8
24426859.8
24395523.3
24232784.5
24225450.2
24290450.5
24255942.6
24255942.6
24316747.1
24295825.3
24194777.8
24194777.8
24194777.8
24134638.5
24134638.5
24168858.5
23938264.3
23938264.3
23938264.3
23938264.3
23938264.3
24105250.2
24054640.6
23947976.1
23966608.2
23966608.2
24101047.9
24052388.1
23924318.0
23972063.3
23972063.3
24097624.5
24032555.8
23924988.4
23924988.4
23924988.4
23944692.2
23944692.2
23942992.0
23942992.0
23906096.3
23896788.6
23854576.1
23917824.9
23881438.7
23881438.7
23791843.4
23791843.4
23821313.2
23748109.5
23781401.2
23694792.9
23660891.1
23763868.9
23763868.9
23763868.9
23763868.9
23703158.8
23572916.1
23703158.8
23699715.3
23699715.3
23762223.2
23762223.2
23649283.6
23725063.5
23745918.3
23692701.8
23818394.1
23818394.1
23789857.3
23757421.2
23757421.2
23772757.0
23694614.3
23694614.3
23673235.0
23674366.8
23670494.4
23670494.4
23684643.8
23536380.8
23536380.8
23536380.8
23581313.8
23583507.5
23574695.9
23574695.9
23578569.6
23516667.0
23516667.0
23553283.1
23498269.7
23434954.1
23539025.5
23583811.1
23588482.5
23536086.5
23491815.5
23432185.8
23502986.1
23419892.8
23419892.8
23521279.2
23521279.2
23481941.5
23576799.0
23567516.9
23567516.9
23336370.8
23336370.8
23336370.8
23336370.8
23515316.8
23515316.8
23345087.5
23345087.5
23458367.8
23458367.8
23500129.9
23377805.6
23377805.6
23377805.6
23377805.6
23465608.2
23494478.6
23494478.6
23526346.1
23437807.2
23489370.8
23489370.8
23528877.1
23528877.1
23498478.9
23534767.7
23544466.0
23463204.8
23487081.1
23474465.7
23474465.7
23519779.7
23575979.2
23519296.6
23519296.6
23435531.1
23351306.9
23351306.9
23351306.9
23351306.9
23448757.9
23374420.8
23443075.3
23474200.6
23278653.6
23350415.5
23350415.5
23329994.7
23329994.7
23319067.4
23305356.2
23243259.8
23264857.7
23264857.7
23264857.7
23230570.8
23230570.8
23230570.8
23230570.8
23129894.2
23129894.2
23129894.2
23207737.0
23147905.1
23208446.0
23208446.0
23193788.8
23193788.8
23204120.5
23204120.5
23219079.6
23216576.7
23166522.0
23117252.0
23117252.0
23108697.1
23106182.1
23074006.4
23048904.3
23062198.5
23032234.3
23032234.3
23022273.3
23023383.8
23052747.1
23052747.1
23065127.6
23065127.6
22979650.9
22979650.9
23008460.9
22945272.1
22945272.1
22953146.3
22953146.3
22993179.3
22876016.7
22928908.6
22822131.3
22822131.3
22822131.3
22822131.3
22849027.1
22849027.1
22935616.8
22947305.9
22951661.5
22951661.5
23001022.4
23017604.6
23024144.1
23021588.1
23021588.1
22969286.9
22969286.9
22969286.9
22969286.9
22841389.1
22973400.0
23058820.7
23058820.7
22992215.8
22909900.7
22909900.7
22909900.7
22921579.7
22921579.7
22944204.4
23011562.1
22861864.2
22995475.4
22984009.8
22949182.9
22981416.8
22982698.5
22796141.1
22796141.1
22837401.5
22837401.5
22855605.4
22903120.9
22809144.5
22819802.2
22638865.5
22638865.5
22804311.2
22820361.8
22820361.8
22820361.8
22820361.8
22846501.2
22799142.9
22838136.3
22838136.3
22791816.1
22799086.8
22724531.5
22724531.5
22724531.5
22724531.5
22817790.2
22707443.9
22852721.4
22764868.4
22640360.5
22764868.4
22753493.4
22801883.3
22801883.3
22801883.3
22742734.9
22732597.7
22732597.7
22824425.7
22810929.6
22810929.6
22763511.6
22810929.6
22858298.1
22880341.2
22852644.1
22822383.9
22815511.5
22845129.2
22900871.0
22882353.0
22905524.9
22905524.9
22913368.3
22879871.4
22879871.4
22879871.4
22879871.4
22879871.4
22835648.6
22796137.6
22796137.6
22954880.1
22954880.1
22954880.1
22870767.5
22859689.6
22859689.6
22860221.1
22860221.1
22807346.9
22852661.0
22819725.1
22801079.5
22786781.7
22746627.6
22814321.9
22705777.8
22705777.8
22705777.8
22705777.8
22726881.4
22775982.1
22705405.7
22705405.7
22724871.3
22724871.3
22724871.3
22655926.0
22720661.8
22677001.5
22604942.8
22687806.8
22729089.1
22714224.0
22659045.6
22648777.6
22604320.7
22578965.2
22683615.5
22583630.8
22583630.8
22550872.5
22426985.7
22426985.7
22316566.9
22316566.9
22422490.0
22192826.3
22341372.4
22341372.4
22280866.3
22280866.3
22342982.5
22342982.5
22347461.1
22224221.4
22340631.2
22305587.8
22305587.8
22305587.8
22330588.5
22330588.5
22264388.0
22264388.0
22264388.0
22264388.0
22264388.0
22357311.7
22326517.4
22326517.4
22360134.2
22325238.1
22191391.6
22271963.9
22271963.9
22145159.4
22145159.4
22145159.4
22145159.4
22235784.2
22235784.2
22346502.1
22316597.1
22316597.1
22299019.2
22363738.2
22302959.3
22310662.4
22241511.7
22241511.7
22175051.1
22197509.7
22139286.4
22141673.7
22141673.7
22164999.7
22120086.8
22120086.8
21970759.1
22094142.5
21938022.0
21938022.0
22101418.9
22131369.1
22074557.5
22103354.4
22066026.9
22015410.6
22015410.6
22073615.9
22101787.1
22060266.9
22060266.9
22109482.3
22138094.2
22044183.3
22044183.3
22045516.9
22105845.7
21966574.9
21966574.9
21966574.9
21966574.9
22058908.4
22058908.4
22058908.4
22035050.6
22111789.5
22035943.4
22126998.5
22126998.5
22126998.5
21943478.6
22035048.5
22091265.8
22103748.8
22132733.2
21988206.9
22057872.9
22048115.3
22048115.3
22093964.5
22080486.3
22080486.3
22059036.2
22087909.3
22020559.3
22047643.1
22026528.3
22026528.3
22082526.3
22060974.4
22036894.5
21934536.9
21951779.0
21988175.8
21988175.8
21913858.4
21940138.7
21903149.1
21869132.8
21869132.8
21869132.8
21841448.7
21899123.3
21828784.0
21828784.0
21843399.0
21874021.4
21900702.3
21890489.5
21858570.1
21828888.0
21850620.5
21880200.0
21853874.1
21869376.0
21880904.4
21930080.6
21866143.3
21816885.1
21894534.8
21820199.6
21820199.6
21798894.6
21798894.6
21877544.6
21801293.6
21801293.6
21911059.4
21773196.7
21943662.7
21904255.1
21904255.1
21789345.9
21789345.9
21945707.7
21945707.7
21878631.5
21896894.0
21923471.6
21842620.2
21842620.2
21877232.8
21896562.1
21916151.2
21796140.1
21796140.1
21847715.1
21723033.5
21723033.5
21803174.7
21796599.8
21803174.7
21819541.4
21742749.7
21742749.7
21763552.6
21743425.0
21717055.3
21758754.1
21635392.8
21573587.5
21573587.5
21715603.2
21715603.2
21670271.1
21650979.0
21703222.3
21782547.5
21723813.2
21636386.6
21635642.9
21635642.9
21635642.9
21719178.3
21781332.1
21735765.7
21735765.7
21786037.6
21637004.7
21544933.2
21650509.7
21650509.7
21634419.2
21599395.4
21533812.3
21548756.9
21548207.4
21533058.2
21596075.0
21590499.6
21501509.5
21501509.5
21566781.5
21566781.5
21455578.6
21508956.8
21504705.4
21504705.4
21504705.4
21499114.7
21480842.0
21493962.9
21482687.4
21476927.3
21453841.4
21443855.4
21270372.6
21270372.6
21309968.4
21424348.7
21398704.6
21390441.5
21390441.5
21390441.5
21398704.6
21351900.2
21431775.7
21322534.6
21322534.6
21299631.8
21299631.8
21340977.5
21354157.2
21435188.5
21327296.2
21435554.5
21488562.9
21382576.9
21382576.9
21382576.9
21404467.7
