gox
2308257.52
2041370.29
1906927.52
1870525.69
1814962.69
1762335.61
1740617.95
1694521.16
1667245.21
1682416.75
1650657.33
1647183.87
1628408.67
1633739.65
1643239.43
1622843.41
1627380.21
1585628.91
1610235.06
1593274.02
1602904.71
1584699.55
1573635.82
1585679.00
1590769.04
1570912.45
1568649.88
1557988.53
1545004.65
1545004.65
1551498.83
1551498.83
1543697.04
1543402.49
1523493.88
1539484.00
1522873.47
1507738.96
1522873.47
1522873.47
1522873.47
1522873.47
1517685.60
1514903.25
1517388.99
1517388.99
1522166.60
1507309.64
1496549.86
1496549.86
1506624.24
1496872.37
1496872.37
1504393.76
1503192.06
1483757.64
1491017.27
1490936.65
1484800.39
1484698.73
1484698.73
1484698.73
1484698.73
1476606.69
1471982.66
1458161.13
1478103.75
1469065.58
1463737.95
1458834.52
1463737.95
1463737.95
1466451.80
1456681.74
1447693.47
1446004.48
1446004.48
1443185.16
1437846.45
1419957.03
1419957.03
1424091.38
1432048.17
1432048.17
1427598.08
1431973.30
1429341.77
1419129.18
1410335.66
1410335.66
1410335.66
1390162.29
1399933.11
1386706.94
1386706.94
1386706.94
1386269.89
1388189.39
1390391.11
1377799.48
1376904.15
1377799.48
1357988.38
1368230.58
1356176.44
1340484.39
1340484.39
1340484.39
1351239.31
1352941.42
1352941.42
1344199.00
1333477.45
1333477.45
1333477.45
1333996.64
1335011.37
1335011.37
1334125.00
1324174.62
1320079.81
1312753.73
1312753.73
1314141.09
1314141.09
1318227.12
1313316.34
1318499.42
1307335.62
1312237.40
1315534.19
1305565.40
1305565.40
1307036.28
1301036.45
1301036.45
1301036.45
1301036.45
1298451.26
1298190.74
1288574.28
1286088.05
1286088.05
1295903.20
1291577.46
1291439.80
1286322.25
1277266.77
1275998.01
1276920.81
1282049.75
1276321.47
1276321.47
1276321.47
1267670.87
1260272.79
1260272.79
1260272.79
1260803.40
1260803.40
1251495.94
1251495.94
1252826.51
1257007.69
1251624.77
1251624.77
1251204.43
1253177.42
1252473.57
1253855.27
1254446.05
1252918.19
1251098.33
1242096.00
1237565.02
1231766.25
1231766.25
1231766.25
1231766.25
1241666.81
1242021.62
1230645.55
1228456.24
1227439.71
1222426.23
1219613.94
1219289.68
1214106.64
1214106.64
1213301.85
1213301.85
1222815.02
1222815.02
1221538.91
1216323.72
1216323.72
1216323.72
1216323.72
1221063.56
1219963.19
1218971.86
1215077.68
1215077.68
1214847.73
1211185.92
1210087.61
1198321.27
1198321.27
1198321.27
1201813.52
1195619.17
1195619.17
1197895.20
1197218.48
1197218.48
1198000.91
1204704.49
1193068.91
1196896.02
1198052.27
1198342.54
1192973.10
1197214.96
1199302.66
1200050.84
1190947.16
1193283.22
1193283.22
1190018.32
1186775.97
1183515.33
1178442.86
1178442.86
1178442.86
1181466.03
1179774.21
1179774.21
1179774.21
1181227.12
1184803.83
1184803.83
1184803.83
1179080.11
1179080.11
1178080.87
1178080.87
1178887.38
1174498.79
1174498.79
1179544.66
1179544.66
1183167.50
1178110.76
1178110.76
1186222.34
1183852.44
1174987.22
1174987.22
1178111.23
1172506.30
1172506.30
1178111.23
1172108.43
1171901.50
1173167.06
1173167.06
1173167.06
1170647.65
1170647.65
1170720.72
1171702.42
1171685.82
1173166.41
1175214.67
1170282.88
1170282.88
1170282.88
1166476.56
1166476.56
1166476.56
1166476.56
1170547.25
1161929.27
1176125.64
1173382.01
1172459.91
1169997.13
1172459.91
1172258.42
1171739.96
1171739.96
1171739.96
1167664.97
1168786.55
1168430.96
1164844.66
1169423.96
1163018.23
1160204.03
1156298.93
1164854.20
1165252.74
1164273.23
1159311.17
1159038.06
1153420.93
1153420.93
1153420.93
1154798.80
1155080.65
1160319.54
1161172.90
1162628.57
1143217.92
1143217.92
1143217.92
1143217.92
1151224.03
1155395.09
1155395.09
1154152.73
1139363.83
1131119.72
1131119.72
1129474.81
1131119.72
1131119.72
1147719.47
1144504.84
1144642.56
1143954.69
1140171.19
1137718.62
1138818.73
1140796.63
1135846.39
1135846.39
1148620.02
1145640.60
1144328.31
1144328.31
1146834.46
1136718.31
1136718.31
1136718.31
1142244.25
1132740.27
1132740.27
1138511.79
1147891.74
1147740.75
1151949.10
1151949.10
1147072.61
1148941.92
1148941.92
1150846.07
1148170.76
1148768.61
1152021.33
1150586.96
1139018.23
1151889.88
1151889.88
1151889.88
1155414.65
1155414.65
1148107.77
1156083.73
1155651.88
1152524.58
1149834.62
1151310.27
1151310.27
1147055.88
1150426.17
1143692.72
1143692.72
1143692.72
1144318.64
1143670.47
1140812.16
1138901.71
1139070.74
1138998.62
1138998.62
1136335.14
1136335.14
1135426.73
1135279.88
1127573.53
1131885.14
1133321.23
1133321.23
1133671.62
1129952.83
1129991.23
1124431.51
1124431.51
1128530.18
1125378.76
1125378.76
1130614.76
1125851.50
1134441.56
1130457.74
1130457.74
1121465.93
1121465.93
1120259.18
1119328.33
1119328.33
1121219.59
1121219.59
1121219.59
1127031.09
1125305.23
1127873.62
1128324.13
1123152.25
1123152.25
1121242.33
1121242.33
1119904.43
1119904.43
1115269.08
1109128.22
1105442.42
1111915.68
1109413.50
1114279.47
1113315.96
1113315.96
1113315.96
1103407.80
1103407.80
1104109.33
1104109.33
1106583.33
1103835.60
1095740.88
1095740.88
1103990.44
1104819.30
1099279.62
1101151.25
1095278.27
1095278.27
1095278.27
1095278.27
1101559.92
1099797.69
1101559.92
1105002.42
1095747.72
1094190.54
1094190.54
1094190.54
1094190.54
1094190.54
1094190.54
1095941.18
1090829.34
1090829.34
1096663.31
1092241.36
1092268.21
1092863.29
1092796.25
1092796.25
1091916.39
1091916.39
1092599.89
1092599.89
1089822.41
1089899.61
1098209.76
1093104.86
1092075.82
1095891.41
1092723.04
1084403.75
1084403.75
1084403.75
1084403.75
1084403.75
1094139.37
1097316.68
1100498.04
1100498.04
1100061.02
1090521.88
1090521.88
1098498.04
1102670.88
1092529.87
1103206.28
1105381.03
1105842.15
1096420.43
1092180.61
1101417.57
1094929.05
1101388.53
1100393.32
1100393.32
1101388.53
1094664.58
1102632.01
1101410.03
1099166.11
1098926.37
1098801.82
1095646.50
1095646.50
1088525.54
1088525.54
1088525.54
1088525.54
1088525.54
1088525.54
1094748.82
1094748.82
1090424.53
1090424.53
1090424.53
1099490.98
1101546.84
1096985.25
1096985.25
1096472.37
1098218.69
1096318.23
1096318.23
1101012.12
1101246.10
1094635.62
1090936.76
1088546.17
1088184.48
1096334.45
1097278.96
1099625.84
1096288.84
1096288.84
1096288.84
1103013.61
1103013.61
1103013.61
1095961.11
1093824.01
1100742.37
1102653.19
1096058.67
1088219.43
1088219.43
1100713.98
1092577.87
1092577.87
1092577.87
1092577.87
1092577.87
1094282.59
1094060.87
1094060.87
1092469.22
1092469.22
1092469.22
1092469.22
1087995.10
1087995.10
1084105.51
1084105.51
1092203.30
1089484.45
1088071.22
1088071.22
1089468.72
1089468.72
1091208.99
1088818.75
1086620.62
1087187.63
1085164.30
1085164.30
1085164.30
1085164.30
1085217.06
1085217.06
1080182.76
1084817.25
1083582.62
1083582.62
1082887.00
1082179.05
1083999.25
1083999.25
1085302.30
1085302.30
1085414.16
1081225.58
1084840.03
1083483.07
1083483.07
1083568.53
1080600.81
1083568.53
1076342.79
1084617.34
1082689.76
1080567.37
1080567.37
1080567.37
1083336.37
1083336.37
1085223.13
1086812.73
1088476.53
1088476.53
1089551.61
1088103.29
1086819.48
1086819.48
1084432.86
1086819.48
1083209.68
1083209.68
1083209.68
1086799.31
1089916.54
1089212.15
1083998.07
1083998.07
1085835.64
1085835.64
1085835.64
1088749.75
1088749.75
1085366.57
1092067.94
1093080.52
1097463.69
1095272.09
1093222.61
1092268.02
1090414.01
1088155.50
1088155.50
1093301.48
1093301.48
1093020.92
1090826.07
1089634.46
1087291.73
1087291.73
1087291.73
1079491.40
1087279.71
1083784.22
1081428.81
1081428.81
1078115.89
1081446.73
1078498.29
1078498.29
1071125.13
1082483.02
1082483.02
1082483.02
1079140.04
1079140.04
1081063.18
1083072.70
1087547.35
1085333.71
1078341.71
1082245.40
1085333.71
1087573.00
1076009.99
1076009.99
1076009.99
1083551.03
1077430.89
1078360.38
1078360.38
1077579.73
1077579.73
1073758.70
1073758.70
1085509.67
1089157.45
1089190.38
1086897.74
1091298.49
1085962.57
1085962.57
1091502.92
1091707.82
1088776.43
1088776.43
1087843.08
1083394.95
1083394.95
1083394.95
1083394.95
1087027.28
1087027.28
1082274.31
1082274.31
1082274.31
1079976.37
1079976.37
1073498.31
1078764.34
1078764.34
1076873.28
1082791.18
1081044.39
1078836.38
1083095.23
1077628.21
1074949.96
1074949.96
1075906.59
1075670.13
1075670.13
1075906.59
1080873.53
1081804.54
1081804.54
1078073.40
1078073.40
1078073.40
1080434.95
1082871.40
1082871.40
1082871.40
1090447.64
1083497.34
1079120.09
1079120.09
1080536.64
1080570.35
1083379.55
1079462.60
1084610.46
1084610.46
1084663.69
1084663.69
1085765.06
1085765.06
1086372.00
1084506.71
1093016.35
1082777.49
1082777.49
1089343.82
1089345.13
1093771.14
1085398.22
1085450.70
1085450.70
1093877.08
1085429.85
1085429.85
1085429.85
1094686.03
1083892.21
1083892.21
1083892.21
1084537.36
1084537.36
1084537.36
1088030.63
1087529.53
1087292.87
1095671.90
1080839.56
1080839.56
1092004.48
1092004.48
1089960.60
1089960.60
1088627.45
1088627.45
1091282.37
1084121.64
1091485.46
1082234.09
1082234.09
1082234.09
1089117.24
1078074.74
1086725.22
1088160.00
1084625.54
1084524.46
1084675.11
1079788.37
1084620.10
1084620.10
1086473.30
1086473.30
1086473.30
1086473.30
1087476.03
1085027.31
1085027.31
1087542.63
1081056.41
1077034.81
1080402.89
1079638.03
1078462.44
1078462.44
1077940.02
1077361.38
1077361.38
1077361.38
1093405.63
1088790.93
1086167.75
1076749.85
1076749.85
1082093.68
1085532.62
1085532.62
1085532.62
1083683.86
1083683.86
1079253.01
1079253.01
1087946.16
1083537.59
1083537.59
1095719.01
1084039.20
1084039.20
1092534.02
1087677.09
1088389.29
1083871.84
1096557.79
1093783.60
1095956.04
1088492.97
1088492.97
1085463.13
1079945.35
1079945.35
1081574.55
1093027.59
1099453.18
1096081.79
1096081.79
1093775.02
1093452.28
1088054.42
1088054.42
1088054.42
1089576.63
1094071.83
1094071.83
1094071.83
1099863.99
1094186.00
1094186.00
1089873.55
1089873.55
1089873.55
1093834.27
1081408.70
1081408.70
1089162.97
1091731.95
1092289.66
1093031.07
1095030.68
1094140.37
1087171.06
1095521.82
1089357.90
1096913.97
1097552.22
1093343.70
1089556.34
1097240.33
1095938.11
1089312.82
1089312.82
1097043.53
1097043.53
1100991.01
1096961.62
1092806.22
1102087.87
1102944.00
1100746.31
1103405.42
1103405.42
1101771.84
1101771.84
1101073.58
1101073.58
1097672.06
1097795.88
1098857.10
1097663.15
1088610.99
1092385.32
1095140.68
1089807.65
1089400.52
1086812.91
1086537.59
1085519.63
1078742.64
1082086.27
1082086.27
1082859.43
1076609.63
1077126.19
1077126.19
1083231.60
1079917.29
1079917.29
1081510.88
1081560.24
1075735.64
1068823.21
1068823.21
1075735.64
1063804.30
1063804.30
1068100.09
1071553.83
1067973.83
1070930.41
1071094.12
1071679.97
1071679.97
1071873.38
1077270.60
1080293.20
1080293.20
1082151.76
1074824.64
1076591.24
1074996.86
1074996.86
1076107.18
1077641.35
1076787.83
1077641.35
1077383.98
1069382.08
1071959.18
1070965.98
1070965.98
1070965.98
1076444.54
1076444.54
1076240.35
1078418.09
1077062.42
1074818.06
1074818.06
1074433.18
1079998.92
1077660.60
1077660.60
1080222.63
1076878.46
1071063.44
1078883.13
1074239.34
1078046.68
1071166.52
1071166.52
1071166.52
1074399.05
1074399.05
1071773.95
1074010.28
1072342.49
1069677.27
1069141.43
1055872.01
1055872.01
1067360.37
1063923.23
1064512.84
1064512.84
1060150.83
1058194.52
1058194.52
1058194.52
1056210.96
1060543.16
order
5113202.92
5114035.73
5101528.84
5090043.46
5081264.14
5081118.38
5069550.47
5070988.19
5070988.19
5068258.06
5045743.28
5045743.28
5054527.07
5054904.25
5054912.16
5055777.04
5043049.56
5036951.09
5037885.51
5036000.56
5039353.60
5034418.43
5027179.71
5027179.71
5026501.32
5027179.71
5024652.93
5004109.60
5004109.60
5004109.60
5015557.24
5007184.00
5007184.00
5007184.00
5006287.17
5007956.89
5015501.27
5004065.40
5000395.52
5004065.40
5004065.40
5007316.42
4999958.65
4999399.73
4983783.28
4992289.33
4987494.05
4977434.73
4996575.61
4988901.62
4985996.81
4973422.50
4987117.09
4986266.79
4986538.78
4970623.24
4981671.42
4974973.15
4975579.37
4975579.37
4973082.56
4975009.51
4974131.92
4977025.09
4973495.82
4973495.82
4967446.25
4974068.60
4960880.43
4968089.87
4951605.96
4965895.50
4966921.17
4960243.43
4960243.43
4951972.49
4959921.99
4954373.46
4942918.26
4942918.26
4954373.46
4958729.82
4950690.64
4955752.80
4960170.29
4962368.60
4962668.54
4965570.59
4964252.78
4959935.96
4946431.88
4950577.62
4950577.62
4954977.64
4958928.41
4942479.73
4944290.04
4944290.04
4952229.63
4956662.37
4944449.07
4935061.79
4947755.76
4945750.02
4940608.01
4941964.57
4935497.16
4940132.89
4931322.60
4934377.68
4933315.38
4936809.06
4936809.06
4940498.62
4937163.15
4936683.11
4929181.08
4927210.68
4934777.66
4922726.65
4922726.65
4920468.57
4924272.86
4919716.20
4905927.04
4905927.04
4921015.19
4905266.53
4910947.80
4910751.27
4911149.63
4907399.64
4905972.25
4899421.12
4894401.20
4894401.20
4894401.20
4893423.80
4878114.29
4878114.29
4874594.09
4874594.09
4879909.24
4879909.24
4874244.69
4877679.76
4871111.31
4862099.96
4868716.68
4865382.12
4863332.50
4853884.14
4853098.24
4856827.64
4852028.75
4849443.26
4849443.26
4846889.36
4842120.50
4834409.23
4831356.52
4834409.23
4832785.15
4823968.47
4818633.28
4821372.12
4822344.32
4817411.37
4817411.37
4815386.47
4815386.47
4815386.47
4815767.16
4815767.16
4812614.11
4814475.50
4814475.50
4813912.02
4803034.98
4800564.33
4809832.14
4807712.01
4803135.56
4806636.28
4801845.51
4799745.07
4796559.70
4793805.82
4789131.27
4789131.27
4789131.27
4795320.17
4795091.17
4791707.02
4788927.22
4786946.02
4786946.02
4786938.98
4786938.98
4783216.95
4774474.96
4785516.19
4788339.23
4784255.65
4777032.06
4781139.43
4781003.79
4780345.20
4780345.20
4779713.04
4780841.08
4781789.84
4780466.14
4776256.96
4777240.52
4773004.16
4767789.76
4770256.13
4776624.78
4763692.50
4763692.50
4765444.40
4753204.54
4760224.62
4762808.83
4760342.72
4759339.48
4755063.69
4755063.69
4754071.58
4760431.50
4763340.06
4758554.48
4755768.54
4763022.45
4761098.51
4753384.62
4750318.90
4750266.36
4760787.25
4752092.59
4750263.04
4753202.91
4755209.64
4755794.47
4752022.14
4750088.44
4736046.20
4750629.94
4750629.94
4751108.48
4751108.48
4750224.40
4750224.40
4751108.48
4749722.40
4751541.36
4752538.13
4750642.72
4747295.84
4747295.84
4743482.45
4751046.42
4752225.67
4748475.57
4748542.23
4748542.23
4741269.89
4735927.63
4735927.63
4734786.98
4731916.49
4732744.26
4732744.26
4730860.53
4729819.72
4726362.88
4719344.20
4720784.78
4732109.80
4730705.73
4729745.31
4726659.27
4725740.07
4726156.01
4720908.88
4724215.24
4712295.82
4712225.81
4702823.70
4702823.70
4702823.70
4702572.76
4703150.78
4706901.98
4702039.25
4706220.92
4713093.86
4707064.52
4702863.26
4705901.03
4707156.94
4704445.88
4702110.22
4697773.20
4696721.18
4699046.81
4699046.81
4699046.81
4688584.26
4688584.26
4692004.73
4690474.45
4692068.27
4692068.27
4689634.14
4689634.14
4692211.37
4690228.65
4693977.22
4690140.66
4687319.80
4680772.00
4676756.56
4676756.56
4680772.00
4680772.00
4679824.58
4667228.22
4681690.65
4672254.87
4670816.94
4670338.09
4678962.06
4670128.35
4666302.79
4670033.08
4670641.83
4665807.60
4661756.68
4661540.58
4656070.98
4662105.38
4647335.71
4658897.05
4644977.17
4648793.67
4648793.67
4649638.89
4657691.79
4656103.04
4653320.77
4652628.18
4652628.18
4652628.18
4653640.83
4655879.66
4652715.40
4651597.01
4654821.17
4652061.28
4653532.88
4658650.98
4654617.24
4650651.28
4650996.66
4651048.22
4649406.77
4648317.00
4647843.93
4648094.89
4647673.33
4652922.08
4641845.76
4643409.35
4650202.16
4650202.16
4644570.78
4648913.48
4643718.45
4637050.46
4642235.97
4642235.97
4641829.29
4636193.22
4638762.83
4638762.83
4638220.27
4649280.51
4643675.51
4637166.97
4647063.12
4640880.98
4640880.98
4642996.65
4640983.90
4640242.67
4637738.11
4637738.11
4635658.17
4637738.11
4639956.76
4634853.18
4634853.18
4637241.44
4631991.31
4640655.53
4632559.58
4635422.84
4633087.88
4634599.94
4634599.94
4619544.07
4618832.53
4635050.30
4635858.96
4635858.96
4635858.96
4635858.96
4638305.82
4630029.23
4635075.51
4638713.95
4638713.95
4629559.45
4630007.16
4636545.11
4627127.86
4627127.86
4626515.02
4631605.39
4626387.28
4631239.43
4628632.00
4625201.27
4629603.88
4627954.62
4620693.80
4609906.71
4629145.91
4626256.57
4627209.37
4620528.98
4614589.03
4612835.85
4612835.85
4622904.74
4608151.01
4614961.10
4616345.06
4602978.89
4602978.89
4601546.43
4608323.22
4607589.34
4606002.44
4606209.50
4600541.93
4600541.93
4595967.63
4597212.95
4597212.95
4604875.16
4604875.16
4604403.88
4604403.88
4604403.88
4604403.88
4608139.20
4607413.00
4604554.08
4609253.64
4598841.93
4598841.93
4608779.47
4608779.47
4605354.17
4607960.26
4604611.07
4602407.76
4596064.46
4603564.23
4602570.67
4603621.67
4601622.22
4601622.22
4600433.58
4606280.30
4604404.67
4596219.82
4600447.53
4591850.27
4590363.25
4590363.25
4594079.54
4593459.92
4593888.58
4593770.90
4594803.65
4596555.81
4597062.24
4592009.19
4594354.17
4591002.73
4591002.73
4590650.50
4585031.12
4587665.05
4588406.67
4591093.85
4589928.40
4579996.55
4579996.55
4579996.55
4583597.48
4584975.53
4583664.23
4582913.76
4584674.59
4586895.89
4585772.46
4581116.63
4579247.53
4580305.71
4579498.49
4567813.28
4567813.28
4574002.09
4581872.59
4572733.38
4573586.13
4562827.81
4562827.81
4576504.40
4573222.15
4571964.91
4570205.10
4568406.08
4568406.08
4574017.68
4572195.46
4570706.00
4569114.34
4567698.82
4567698.82
4563894.88
4563894.88
4562854.00
4564757.31
4551392.62
4560742.97
4560742.97
4557449.88
4555304.43
4559084.98
4563852.10
4555242.37
4556288.85
4556759.67
4554951.85
4556111.48
4556111.48
4559095.06
4560112.18
4548778.49
4548778.49
4548778.49
4548778.49
4548778.49
4548597.81
4547002.07
4549344.63
4548013.98
4543614.06
4543614.06
4538082.45
4543655.43
4533142.75
4539050.44
4539050.44
4539927.35
4540905.22
4542897.38
4547024.06
4541912.05
4541912.05
4531079.90
4535159.08
4536173.28
4541730.62
4534259.24
4534532.62
4530156.00
4539982.78
4538717.54
4534339.89
4537130.02
4532589.00
4527715.64
4532365.39
4524414.79
4527117.88
4518731.18
4518731.18
4524384.11
4524384.11
4521687.84
4521048.87
4519072.23
4510285.07
4512171.30
4507239.54
4514604.74
4514018.45
4512323.27
4513917.68
4513917.68
4512232.80
4514366.46
4515348.90
4513075.60
4512850.70
4509729.23
4510992.11
4510523.80
4513747.22
4507454.77
4504055.63
4501714.38
4506658.62
4506658.62
4506143.93
4501546.58
4511513.70
4508049.28
4508049.28
4502780.46
4509526.15
4509526.15
4507536.36
4507536.36
4503305.10
4505058.90
4507803.73
4507789.84
4497149.72
4501830.77
4506750.42
4506750.42
4502726.38
4495995.06
4505584.97
4495734.63
4498502.55
4498502.55
4500366.31
4496014.76
4493997.11
4498379.57
4498622.99
4497382.19
4492942.36
4491219.37
4486937.12
4486937.12
4486937.12
4486937.12
4490235.12
4492582.20
4494356.92
4492768.97
4487901.63
4483290.46
4483290.46
4483290.46
4483290.46
4481957.67
4481713.36
4484342.90
4484342.90
4484923.06
4484923.06
4482777.57
4483723.02
4484398.49
4479601.62
4484840.35
4477443.09
4477585.27
4488127.94
4485419.59
4480357.52
4484399.20
4486017.30
4485106.05
4486000.38
4476959.72
4476959.72
4474461.79
4468860.80
4473631.22
4473104.31
4481325.92
4478859.54
4481039.92
4481039.92
4478563.66
4479574.37
4478148.29
4478461.42
4474778.84
4472647.60
4475951.33
4477080.73
4477080.73
4477136.82
4476763.99
4476666.77
4471554.45
4475450.82
4467550.56
4468908.32
4461326.84
4471337.72
4471337.72
4465637.41
4467490.23
4467755.58
4458479.76
4458614.46
4458614.46
4459654.27
4459654.27
4464207.32
4467089.93
4467089.93
4464774.14
4463478.06
4462939.28
4466007.92
4463411.20
4465649.58
4465501.17
4461419.02
4462379.30
4462479.28
4457445.54
4457445.54
4460646.82
4457430.76
4452656.12
4452656.12
4452656.12
4462921.93
4461029.61
4459850.02
4457399.98
4459199.54
4457418.45
4451430.54
4457827.18
4450034.23
4451210.16
4453465.04
4451148.89
4456115.48
4456115.48
4451292.88
4451292.88
4443854.86
4455482.43
4451692.53
4448474.69
4448474.69
4441624.12
4441624.12
4447578.62
4452688.93
4454516.50
4451661.76
4454412.90
4452364.87
4451284.75
4447654.00
4445962.17
4451284.75
4451123.71
4446053.64
4444043.67
4443056.03
4448468.11
4449865.35
4442512.36
4442512.36
4444587.50
4444308.30
4443993.82
4448850.58
4443393.13
4440216.12
4435919.61
4435919.61
4435919.61
4440744.04
4433436.03
4435560.57
4435560.57
4435560.57
4439019.36
4440196.11
4433896.98
4420688.10
4431454.11
4422967.24
4427327.17
4422733.83
4422733.83
4424998.72
4425920.22
4410318.88
4421900.05
4419037.61
4413581.27
4410733.58
4416519.55
4422794.15
4415524.84
4415524.84
4414354.86
4416446.92
4421435.53
4415065.15
4411429.10
4415821.63
4413839.48
4409571.99
4410489.78
4415035.34
4412905.91
4410308.68
4408486.68
4407771.89
4413279.37
4409771.65
4412670.23
4409671.84
4409671.84
4404414.76
4408637.90
4413892.43
4407708.85
4407708.85
4407708.85
4417646.10
4407215.22
4405538.94
4405538.94
4405538.94
4411342.83
4409922.61
4411471.65
4409940.71
4411421.92
4412039.29
4409915.18
4411269.39
4406255.35
4406255.35
4408237.54
4408237.54
4408237.54
4407034.96
4406327.80
4406150.50
4406327.80
4406327.80
4406493.87
4403212.32
4403212.32
4407812.20
4408607.89
4399885.62
4397843.96
4402214.37
4405682.46
4395465.27
4395465.27
4398354.73
4386314.97
4393356.48
4397115.29
4397115.29
4400673.19
4399874.92
4398474.92
4397925.48
4387779.47
4397925.48
4396999.77
4392528.20
4394515.07
4396834.47
4390836.63
4396753.80
4388810.41
4386992.57
4391458.55
4390778.09
4388320.74
4388320.74
4384048.41
4389851.27
4381595.39
4386916.96
4389018.03
4380873.49
4389018.03
4389518.82
4389106.20
4387143.23
4384612.22
4381574.67
4382967.21
4385688.92
4385688.92
4377080.20
4377080.20
4377080.20
4379911.49
4378783.23
4380791.83
4375931.38
4375931.38
4372247.01
4380791.83
4377837.64
4375136.53
4372878.01
4372878.01
4377243.51
4366531.57
4366531.57
4366587.89
4359859.77
4367670.21
4366121.47
4357306.81
4358906.15
4358906.15
4363752.64
4363752.64
4363752.64
4362504.11
4364147.82
4360483.79
4360106.41
4362377.11
4351343.40
4357386.99
4361084.03
4364907.22
4359902.62
4357797.97
4355801.60
4355005.95
4363612.79
4355074.10
4362193.12
4362323.15
4352169.45
4352169.45
4351211.54
4351211.54
4351211.54
4351211.54
4351211.54
4348926.91
4350895.44
4350895.44
4350895.44
4350895.44
4350013.57
4350433.56
4350433.56
4352130.43
4352130.43
4354474.57
4354474.57
4354768.11
4348543.43
4353835.69
4353835.69
4353835.69
4353006.62
4353821.66
4350017.12
4353662.05
4356803.04
4351780.46
4354324.30
cycle
5105956.74
5104097.83
5102172.53
5102172.53
5096111.77
5095121.58
5081492.56
5092419.44
5073103.69
5073103.69
5066083.10
5066083.10
5066798.94
5062913.22
5056793.76
5056793.76
5054316.75
5050962.38
5050962.38
5049455.19
5037475.86
5036826.98
5036826.98
5036826.98
5028852.99
5028709.10
5019102.54
5021659.29
5014898.48
5014776.74
5014898.48
5003198.53
5003198.53
4985014.92
4985014.92
4979877.56
4979877.56
4979877.56
4979877.56
4979877.56
4978289.02
4978040.55
4976987.90
4976987.90
4976987.90
4977878.54
4976347.47
4976326.93
4976326.93
4976326.93
4971789.87
4971229.44
4971229.44
4967926.76
4967926.76
4967926.76
4967926.76
4967926.76
4967638.13
4967638.13
4967638.13
4967638.13
4967252.97
4967638.13
4967344.55
4964685.33
4964685.33
4964685.33
4963676.37
4963676.37
4963676.37
4963676.37
4963676.37
4963676.37
4963676.37
4963676.37
4963676.37
4963242.06
4963242.06
4963242.06
4962307.95
4962307.95
4962307.95
4962307.95
4960946.31
4960946.31
4960589.18
4960589.18
4960502.90
4960502.90
4959697.81
4959697.81
4956902.94
4956392.12
4956392.12
4956392.12
4956392.12
4956392.12
4956392.12
4955730.09
4954880.18
4955556.62
4954198.57
4954198.57
4953586.46
4953586.46
4953586.46
4953586.46
4952427.77
4951498.11
4950487.90
4952279.51
4951938.54
4951938.54
4951938.54
4951302.68
4951302.68
4949513.36
4949260.52
4949260.52
4949508.41
4948075.80
4948154.08
4947056.41
4947056.41
4947056.41
4945135.22
4945135.22
4943441.98
4943101.11
4941810.23
4941810.23
4941810.23
4940987.29
4940987.29
4940886.34
4940987.29
4940477.89
4940477.89
4940477.89
4940477.89
4940477.89
4940477.89
4939526.99
4940477.89
4940477.89
4940477.89
4940477.89
4940477.89
4940477.89
4940477.89
4937399.04
4940477.89
4940477.89
4940477.89
4940477.89
4940477.89
4940477.89
4940477.89
4940477.89
4940477.89
4940477.89
4940477.89
4940477.89
4940477.89
4940477.89
4940477.89
4940477.89
4940477.89
4940477.89
4940477.89
4940477.89
4940477.89
4940477.89
4940477.89
4940477.89
4938995.79
4938995.79
4938995.79
4938995.79
4938995.79
4938610.39
4937184.46
4937184.46
4937184.46
4933869.49
4933869.49
4933869.49
4933869.49
4933869.49
4933869.49
4933869.49
4933869.49
4933869.49
4933869.49
4933869.49
4932295.84
4932295.84
4927730.27
4927730.27
4927730.27
4927730.27
4927730.27
4927730.27
4927730.27
4927730.27
4927730.27
4927730.27
4927730.27
4927730.27
4927730.27
4927730.27
4926142.04
4926142.04
4926142.04
4926142.04
4924936.25
4924936.25
4924936.25
4924936.25
4924936.25
4924936.25
4924936.25
4924936.25
4924936.25
4924936.25
4924936.25
4924936.25
4924936.25
4924936.25
4924936.25
4924936.25
4924936.25
4924936.25
4924936.25
4924936.25
4924936.25
4924936.25
4924936.25
4924936.25
4924936.25
4924936.25
4924936.25
4924936.25
4924936.25
4924936.25
4924936.25
4924936.25
4924936.25
4924936.25
4923532.04
4923532.04
4923532.04
4923532.04
4923532.04
4923532.04
4922817.34
4922798.42
4921557.97
4921557.97
4921557.97
4921557.97
4921557.97
4919925.75
4919925.75
4919925.75
4919925.75
4919925.75
4919925.75
4918414.58
4918414.58
4918414.58
4918414.58
4918414.58
4918414.58
4918414.58
4918414.58
4918414.58
4918414.58
4918414.58
4918414.58
4917386.39
4917386.39
4917386.39
4917386.39
4917386.39
4917386.39
4917386.39
4914139.32
4917386.39
4917386.39
4917386.39
4917386.39
4917386.39
4917386.39
4917386.39
4917386.39
4917386.39
4917386.39
4917386.39
4917386.39
4917386.39
4917386.39
4917386.39
4917386.39
4917386.39
4917386.39
4917386.39
4917386.39
4916786.17
4916786.17
4916786.17
4916786.17
4916786.17
4916786.17
4916217.98
4916141.43
4916141.43
4915791.49
4915791.49
4915791.49
4915604.60
4915604.60
4915462.42
4915462.42
4914225.03
4914225.03
4913540.52
4913540.52
4913540.52
4913540.52
4912505.31
4912505.31
4912137.04
4912137.04
4912137.04
4912137.04
4910786.81
4910786.81
4910786.81
4909957.20
4909957.20
4909957.20
4909957.20
4909275.94
4909957.20
4909316.70
4909316.70
4909957.20
4909957.20
4909957.20
4909957.20
4909411.80
4909411.80
4909411.80
4909411.80
4909411.80
4909411.80
4908916.96
4908916.96
4908916.96
4908916.96
4908916.96
4908916.96
4908916.96
4908674.75
4904580.76
4904580.76
4904580.76
4903766.08
4903501.93
4903501.93
4903501.93
4903501.93
4903501.93
4903501.93
4903501.93
4903501.93
4903501.93
4903501.93
4903501.93
4903501.93
4903501.93
4903501.93
4903501.93
4903501.93
4903501.93
4903501.93
4903501.93
4903501.93
4903501.93
4903501.93
4903501.93
4903501.93
4903501.93
4903501.93
4903501.93
4903501.93
4903501.93
4903501.93
4903501.93
4903501.93
4903501.93
4903501.93
4903501.93
4903501.93
4903501.93
4903501.93
4903501.93
4903501.93
4903501.93
4903501.93
4903501.93
4903501.93
4903501.93
4903501.93
4903501.93
4903501.93
4903501.93
4903501.93
4903501.93
4903501.93
4903501.93
4903501.93
4903501.93
4903258.02
4903258.02
4903258.02
4903258.02
4903258.02
4903258.02
4903258.02
4903258.02
4903258.02
4903258.02
4903258.02
4903258.02
4903258.02
4903258.02
4902911.11
4902911.11
4902911.11
4902911.11
4902085.95
4902085.95
4902085.95
4902085.95
4901990.97
4901990.97
4901990.97
4901990.97
4901990.97
4901990.97
4901990.97
4901990.97
4901990.97
4901990.97
4901990.97
4901990.97
4901990.97
4901990.97
4901990.97
4901990.97
4901990.97
4901990.97
4901990.97
4901990.97
4901990.97
4901990.97
4901990.97
4901990.97
4901990.97
4901990.97
4901990.97
4901990.97
4901990.97
4901990.97
4901990.97
4901990.97
4901990.97
4901990.97
4901990.97
4901990.97
4901990.97
4901990.97
4901990.97
4901001.84
4900270.00
4898218.39
4898218.39
4898218.39
4898218.39
4898218.39
4898218.39
4898218.39
4897515.76
4896396.07
4896396.07
4896396.07
4896396.07
4896396.07
4896396.07
4896396.07
4896396.07
4896396.07
4896396.07
4896396.07
4896396.07
4896396.07
4896396.07
4895745.34
4895745.34
4895745.34
4895745.34
4895745.34
4895745.34
4895745.34
4895745.34
4895031.10
4895031.10
4893980.88
4893980.88
4893980.88
4893980.88
4893980.88
4893113.25
4892679.94
4892679.94
4892679.94
4892679.94
4892679.94
4892323.88
4892107.76
4891014.23
4891014.23
4890449.85
4890449.85
4890449.85
4890449.85
4890449.85
4890449.85
4890449.85
4890449.85
4890449.85
4890449.85
4890449.85
4890449.85
4890449.85
4890449.85
4890449.85
4890449.85
4890449.85
4890449.85
4890449.85
4890449.85
4890449.85
4890449.85
4890449.85
4890449.85
4890449.85
4890449.85
4890449.85
4890449.85
4890449.85
4890449.85
4890449.85
4890449.85
4890449.85
4890449.85
4890449.85
4890449.85
4890449.85
4890449.85
4890449.85
4890449.85
4890449.85
4890449.85
4890449.85
4890449.85
4890449.85
4890449.85
4890449.85
4890449.85
4890449.85
4890449.85
4890449.85
4890449.85
4890449.85
4890449.85
4890449.85
4890449.85
4890449.85
4890449.85
4890449.85
4890449.85
4890449.85
4890449.85
4890449.85
4889919.38
4889919.38
4889919.38
4889919.38
4889919.38
4889919.38
4889919.38
4889919.38
4889919.38
4889919.38
4889919.38
4889919.38
4889919.38
4889919.38
4889919.38
4889919.38
4889919.38
4889919.38
4889919.38
4889919.38
4889919.38
4889919.38
4889919.38
4889919.38
4889919.38
4889919.38
4889919.38
4889919.38
4888977.18
4889919.38
4889919.38
4889038.61
4889038.61
4889038.61
4888929.71
4888929.71
4888929.71
4888929.71
4888929.71
4888929.71
4888929.71
4888929.71
4886588.80
4886588.80
4886588.80
4886588.80
4886588.80
4886588.80
4886588.80
4886588.80
4886588.80
4886588.80
4886588.80
4886588.80
4886588.80
4886588.80
4886588.80
4886588.80
4886588.80
4886588.80
4886588.80
4886588.80
4886588.80
4886588.80
4886449.90
4886449.90
4886449.90
4886449.90
4886251.73
4886449.90
4886449.90
4886449.90
4886449.90
4886449.90
4886449.90
4886449.90
4886449.90
4886449.90
4886449.90
4886449.90
4886449.90
4886449.90
4886449.90
4886449.90
4886449.90
4886449.90
4886449.90
4886449.90
4886449.90
4886449.90
4886449.90
4886449.90
4886449.90
4886449.90
4886449.90
4886449.90
4886449.90
4886449.90
4886449.90
4886449.90
4886449.90
4886449.90
4886449.90
4886449.90
4886449.90
4886449.90
4886449.90
4886449.90
4886449.90
4886449.90
4886449.90
4886449.90
4886449.90
4886449.90
4886449.90
4886449.90
4886449.90
4886449.90
4886449.90
4886449.90
4886449.90
4886449.90
4886449.90
4886430.56
4886430.56
4886430.56
4886430.56
4886430.56
4886430.56
4886430.56
4885754.84
4885754.84
4885754.84
4885754.84
4885754.84
4885754.84
4885754.84
4885754.84
4885754.84
4885754.84
4885754.84
4885754.84
4885754.84
4885754.84
4885754.84
4885754.84
4885754.84
4885754.84
4885754.84
4885754.84
4885754.84
4885754.84
4885754.84
4885754.84
4885754.84
4885754.84
4885754.84
4885754.84
4885754.84
4885754.84
4885754.84
4885754.84
4885754.84
4885396.09
4884992.43
4884992.43
4884992.43
4884992.43
4884992.43
4884992.43
4884992.43
4884992.43
4884992.43
4884992.43
4884992.43
4884992.43
4884992.43
4884992.43
4884992.43
4884992.43
4884992.43
4884992.43
4884992.43
4884992.43
4884992.43
4884992.43
4884992.43
4884992.43
4884992.43
4884992.43
4884992.43
4884992.43
4884992.43
4884992.43
4884992.43
4884992.43
4884992.43
4884992.43
4884992.43
4884992.43
4884992.43
4884992.43
4884992.43
4884992.43
4884992.43
4884992.43
4884992.43
4884992.43
4884992.43
4884992.43
4884992.43
4884992.43
4884992.43
4884992.43
4884992.43
4884992.43
4884992.43
4884992.43
4884992.43
4884992.43
4884992.43
4884992.43
4884992.43
4884992.43
4884992.43
4884992.43
4884992.43
4884992.43
4884992.43
4884992.43
4884992.43
4884992.43
4884992.43
4884992.43
4884992.43
4884992.43
4884992.43
4884992.43
4884992.43
4884992.43
4884992.43
4884992.43
4884992.43
4884992.43
4884992.43
4884992.43
4884992.43
4884992.43
4884992.43
4884992.43
4884992.43
4882972.47
4882972.47
4882972.47
4882972.47
4882972.47
4882972.47
4882972.47
4882972.47
4882972.47
4882972.47
4882972.47
4882972.47
4882972.47
4882972.47
4882972.47
4882972.47
4882972.47
4882972.47
4882972.47
4882972.47
4882677.75
4882972.47
4882972.47
4882972.47
4882972.47
4882972.47
4882972.47
4882972.47
4882972.47
4882972.47
4882972.47
4882972.47
4882972.47
4882972.47
4882972.47
4882972.47
4882972.47
4882972.47
4882972.47
4882972.47
4882972.47
4882972.47
4882972.47
4882972.47
4882972.47
4882972.47
4882972.47
4882972.47
4882972.47
4882972.47
4882972.47
4882972.47
4882972.47
4882972.47
4882972.47
4882972.47
4882693.92
4882693.92
4882693.92
4882693.92
4882693.92
4882693.92
4882693.92
4882693.92
4882693.92
4882693.92
4882693.92
4882693.92
4882245.41
4882693.92
4882693.92
4882693.92
4882693.92
4882693.92
4882693.92
4882693.92
4882693.92
4882693.92
4882693.92
4882693.92
4882693.92
4882693.92
4882693.92
4882693.92
4882693.92
4882693.92
4882693.92
4882693.92
4882693.92
4882693.92
4882693.92
4882693.92
4882693.92
4882693.92
4882693.92
4882693.92
4882693.92
4882693.92
4882693.92
4882693.92
4882693.92
4882693.92
4882693.92
4882693.92
4882693.92
4882693.92
4882693.92
4882693.92
4882693.92
4882693.92
4882693.92
4882693.92
4882693.92
4882693.92
4882693.92
4882693.92
4882693.92
4882693.92
4882693.92
4882693.92
4882693.92
4882693.92
4882693.92
4882693.92
4882693.92
4882693.92
4882693.92
4882693.92
4882693.92
4882693.92
4882693.92
4882693.92
4882693.92
4882693.92
4882693.92
4882655.10
4882655.10
4882655.10
4882655.10
4882655.10
4882655.10
4882655.10
4882655.10
4882655.10
4882655.10
4882655.10
4882655.10
4882655.10
4882655.10
4882655.10
4882655.10
pm
5109429.69
5109429.69
5101339.87
5089553.16
5100863.37
5093676.59
5088564.28
5076738.69
5076738.69
5098590.38
5084568.85
5082671.63
5066683.66
5081279.07
5072117.18
5076081.27
5070766.71
5056011.35
5056011.35
5065988.68
5065170.11
5064203.54
5067286.99
5060412.65
5060412.65
5053148.00
5053148.00
5060412.65
5046467.71
5066409.00
5068227.65
5071114.17
5059925.44
5067238.50
5067238.50
5052424.89
5064976.99
5060261.01
5061624.22
5061308.55
5061308.55
5056396.53
5041744.67
5039053.17
5039053.17
5039053.17
5047681.87
5050728.93
5047907.15
5044279.91
5034864.81
5040526.94
5040526.94
5042049.13
5042049.13
5042049.13
5032315.67
5032315.67
5004665.23
5004665.23
5023501.36
5034863.95
5023610.94
5017253.21
5019356.02
5019356.02
5013767.20
5019356.02
5019356.02
5019356.02
5018929.27
5018929.27
5012551.52
5012551.52
5027520.61
5040314.84
5011411.36
5013739.88
5028174.86
5023656.39
5028174.86
5022488.54
5009277.56
4994360.50
5019256.69
5013013.84
5021893.06
5007318.42
5008010.15
5012493.74
5003417.10
4998930.28
4980574.27
4992990.05
4978015.94
4993942.79
4995914.95
4974254.70
4970709.75
4959033.25
4967260.68
4970404.90
4951769.33
4967667.07
4953925.47
4953925.47
4953925.47
4975090.41
4963304.35
4968841.16
4965717.04
4964224.06
4964224.06
4957643.70
4971972.88
4960033.30
4960325.41
4960325.41
4960325.41
4958957.40
4965979.91
4956584.80
4964841.17
4942300.91
4954575.69
4944250.15
4934602.77
4937985.44
4937985.44
4937985.44
4945256.49
4930645.81
4941966.84
4937699.40
4937699.40
4928521.42
4925587.17
4925587.17
4925587.17
4930076.81
4930076.81
4920772.49
4931952.85
4923811.91
4919952.78
4919952.78
4921941.89
4921941.89
4921941.89
4923234.88
4919010.76
4916696.64
4916696.64
4916696.64
4915578.13
4912690.91
4901649.39
4914409.50
4914409.50
4918399.43
4920017.27
4916377.75
4911853.07
4911853.07
4910611.49
4910353.18
4908528.04
4908528.04
4907546.77
4900600.16
4900408.39
4898115.18
4898115.18
4898833.42
4902903.21
4888800.41
4888800.41
4888800.41
4888800.41
4888800.41
4888800.41
4892679.52
4894071.74
4891174.62
4885105.18
4886202.84
4883869.04
4881636.58
4883021.69
4879029.51
4867856.26
4880213.24
4863770.47
4876706.53
4868226.86
4880125.64
4880125.64
4879846.73
4868365.84
4868039.66
4864160.10
4861251.86
4858075.32
4864160.10
4857273.60
4859189.23
4859189.23
4859189.23
4859189.23
4863622.42
4855317.83
4850456.09
4850456.09
4848812.06
4848812.06
4846927.37
4832153.19
4832153.19
4832153.19
4832153.19
4843848.02
4834986.93
4839222.74
4833402.80
4832350.18
4832350.18
4826275.92
4826275.92
4819320.23
4819320.23
4826492.77
4826045.93
4823131.47
4814972.22
4816262.75
4801055.18
4811868.61
4814455.25
4812848.47
4804637.75
4804637.75
4812510.63
4816678.71
4804311.75
4804532.95
4808096.60
4803526.86
4790142.65
4790142.65
4791281.49
4791281.49
4790364.43
4790277.56
4789502.52
4784127.24
4784127.24
4784127.24
4784127.24
4777975.96
4783145.87
4781874.85
4781874.85
4770450.29
4777435.30
4777435.30
4777435.30
4774634.18
4780631.85
4778351.38
4771198.11
4769244.94
4768339.66
4745984.17
4745984.17
4762711.77
4769280.81
4768364.47
4774721.73
4774977.89
4767240.14
4749526.02
4760872.97
4761665.92
4762100.36
4762100.36
4757960.39
4757960.39
4753417.65
4757859.14
4747129.25
4751266.35
4751266.35
4754467.14
4747349.13
4751963.57
4753180.62
4752092.96
4752188.04
4750518.25
4745152.42
4745152.42
4750329.68
4750262.30
4743778.87
4737120.09
4743732.17
4743732.17
4743732.17
4733539.91
4733539.91
4741324.48
4730111.54
4728990.16
4728500.94
4730111.54
4722769.29
4708279.60
4724339.14
4716773.35
4712641.30
4716157.53
4712912.53
4708659.79
4701476.85
4701476.85
4701476.85
4701491.83
4700350.35
4686621.40
4692749.76
4690815.06
4691638.93
4688977.90
4688977.90
4684912.54
4688250.41
4688250.41
4681225.80
4675522.43
4675522.43
4678497.37
4678497.37
4665502.58
4665502.58
4666578.81
4665212.22
4665212.22
4667746.71
4664519.03
4661863.04
4664229.04
4659660.77
4659825.00
4660288.03
4660288.03
4660288.03
4655442.68
4652657.81
4646434.42
4646434.42
4644862.87
4643208.78
4644507.61
4643480.67
4643480.67
4640801.17
4640801.17
4633614.39
4633614.39
4636837.92
4635213.26
4634962.72
4626881.55
4623781.78
4623717.13
4624194.34
4618538.18
4621140.70
4613671.31
4619199.43
4618387.07
4618387.07
4612785.21
4617096.65
4616528.42
4614449.62
4614445.74
4610744.06
4612435.84
4611251.56
4607570.04
4607570.04
4605564.22
4607570.04
4604087.31
4604087.31
4603183.43
4603183.43
4601633.27
4601592.65
4601791.34
4600933.99
4599269.44
4595158.82
4597127.88
4597127.88
4594704.91
4596912.16
4595441.03
4591894.95
4592196.63
4591862.58
4591789.80
4585684.26
4585104.33
4585104.33
4588293.19
4587432.79
4585903.57
4581244.76
4586896.33
4584214.80
4584420.45
4581382.34
4584324.99
4582473.01
4582473.01
4580801.49
4580468.87
4576702.31
4576702.31
4576702.31
4576702.31
4573814.32
4573203.02
4573814.32
4572114.56
4571999.37
4568878.53
4569715.88
4569736.60
4569045.24
4567540.08
4566377.97
4565269.22
4565055.39
4564945.04
4563853.35
4562779.87
4561699.24
4561319.17
4560692.38
4561212.80
4560409.69
4559401.88
4559401.88
4557862.10
4557580.20
4557704.10
4556740.23
4555438.40
4554889.89
4552696.96
4550641.72
4550761.31
4552299.93
4551564.27
4551193.07
4550404.95
4550204.87
4549370.07
4549492.38
4548782.60
4548188.51
4547508.04
4547501.82
4547225.19
4547214.82
4545737.13
4545707.24
4545646.19
4544781.64
4544622.62
4544679.11
4543881.00
4543881.00
4543881.00
4543767.90
4543181.01
4543181.01
4542644.11
4542296.01
4542174.36
4542174.36
4542174.36
4542044.48
4541857.87
4541887.76
4541919.57
4541889.68
4541757.87
4541757.87
4541757.87
4541727.98
4541727.98
4541727.98
4541727.98
4541727.98
4541727.98
4541684.56
4541684.56
4541684.56
4541684.56
4541684.56
4541684.56
4541684.56
4541135.09
4541135.09
4541135.09
4541135.09
4541135.09
4541135.09
4541135.09
4541135.09
4541135.09
4541135.09
4541135.09
4539316.19
4539316.19
4539316.19
4539316.19
4539316.19
4539316.19
4539316.19
4539316.19
4539316.19
4539261.45
4539261.45
4539261.45
4539261.45
4539261.45
4538319.68
4538319.68
4538319.68
4538319.68
4538319.68
4538319.68
4538319.68
4538319.68
4537293.49
4537293.49
4537293.49
4537293.49
4536396.42
4535370.23
4535370.23
4535370.23
4535370.23
4533769.40
4533479.41
4533479.41
4532519.33
4532519.33
4531878.58
4531878.58
4531878.58
4531878.58
4531878.58
4531878.58
4531878.58
4531878.58
4531878.58
4531878.58
4531878.58
4531878.58
4531878.58
4531878.58
4531878.58
4531878.58
4529012.52
4529012.52
4529012.52
4529012.52
4529012.52
4529012.52
4528624.90
4528837.76
4527898.73
4527898.73
4527898.73
4527898.73
4527898.73
4527898.73
4527581.81
4527581.81
4527581.81
4527541.78
4527541.78
4527363.35
4527208.28
4527061.23
4527021.20
4526989.81
4526687.70
4526687.70
4526687.70
4526687.70
4526687.70
4526647.66
4526647.66
4526647.66
4526647.66
4526647.66
4526647.66
4526048.44
4526647.66
4526647.66
4526647.66
4526647.66
4526647.66
4526647.66
4526647.66
4526647.66
4526647.66
4526647.66
4526647.66
4526647.66
4526647.66
4526647.66
4526647.66
4526647.66
4526647.66
4526647.66
4526647.66
4526647.66
4526647.66
4526561.76
4526561.76
4526561.76
4526063.06
4525977.17
4525977.17
4525977.17
4525977.17
4525977.17
4524663.67
4524389.47
4524389.47
4524389.47
4524389.47
4524389.47
4524389.47
4524380.45
4524196.78
4524196.78
4524389.47
4524389.47
4524389.47
4524389.47
4524389.47
4524389.47
4524389.47
4524389.47
4524389.47
4524389.47
4524389.47
4524389.47
4524389.47
4524389.47
4524389.47
4524389.47
4524389.47
4524389.47
4524389.47
4524389.47
4524389.47
4524389.47
4524389.47
4524389.47
4524389.47
4524389.47
4524389.47
4524389.47
4524131.34
4524389.47
4524389.47
4524389.47
4524389.47
4524389.47
4524389.47
4524389.47
4524389.47
4524389.47
4524389.47
4524389.47
4524389.47
4524389.47
4524389.47
4524389.47
4524389.47
4524389.47
4523924.34
4523924.34
4524389.47
4524389.47
4524389.47
4524389.47
4523585.81
4523585.81
4523585.81
4523585.81
4523329.07
4523329.07
4523329.07
4523329.07
4523329.07
4522525.40
4522525.40
4522525.40
4522525.40
4522525.40
4522525.40
4519672.18
4519672.18
4519672.18
4519672.18
4519672.18
4519672.18
4519672.18
4519187.81
4519672.18
4519161.15
4519161.15
4519161.15
4519161.15
4519161.15
4519161.15
4519161.15
4519161.15
4519161.15
4519161.15
4519161.15
4519161.15
4519161.15
4519161.15
4519161.15
4519161.15
4519161.15
4519161.15
4519161.15
4519161.15
4519161.15
4519161.15
4518083.64
4518083.64
4518083.64
4518083.64
4518083.64
4518048.68
4518083.64
4518083.64
4518083.64
4518083.64
4518083.64
4518083.64
4517029.97
4517029.97
4515819.14
4517029.97
4516718.27
4516718.27
4516718.27
4516718.27
4516718.27
4516718.27
4516718.27
4516718.27
4516718.27
4516718.27
4516004.66
4516004.66
4516004.66
4516004.66
4516004.66
4516004.66
4516004.66
4516004.66
4516004.66
4516004.66
4516004.66
4516004.66
4516004.66
4516004.66
4516004.66
4516004.66
4516004.66
4516004.66
4516004.66
4516004.66
4516004.66
4516004.66
4516004.66
4516004.66
4516004.66
4516004.66
4516004.66
4516004.66
4516004.66
4516004.66
4516004.66
4516004.66
4516004.66
4516004.66
4516004.66
4516004.66
4516004.66
4516004.66
4516004.66
4516004.66
4516004.66
4516004.66
4516004.66
4516004.66
4516004.66
4516004.66
4516004.66
4516004.66
4516004.66
4516004.66
4516004.66
4516004.66
4516004.66
4516004.66
4516004.66
4516004.66
4516004.66
4516004.66
4516004.66
4516004.66
4516004.66
4516004.66
4516004.66
4516004.66
4516004.66
4516004.66
4516004.66
4516004.66
4516004.66
4516004.66
4516004.66
4516004.66
4516004.66
4516004.66
4516004.66
4516004.66
4516004.66
4516004.66
4516004.66
4516004.66
4516004.66
4516004.66
4516004.66
4516004.66
4516004.66
4516004.66
4516004.66
4516004.66
4516004.66
4516004.66
4516004.66
4516004.66
4516004.66
4516004.66
4516004.66
4516004.66
4516004.66
4516004.66
4516004.66
4516004.66
4516004.66
4516004.66
4516004.66
4516004.66
4516004.66
4516004.66
4516004.66
4516004.66
4516004.66
4514865.53
4514865.53
4514865.53
4516004.66
4516004.66
4516004.66
4516004.66
4516004.66
4516004.66
4516004.66
4516004.66
4516004.66
4516004.66
4516004.66
4516004.66
4516004.66
4516004.66
4516004.66
4516004.66
4516004.66
4516004.66
4516004.66
4516004.66
4516004.66
4516004.66
4516004.66
4516004.66
4516004.66
4516004.66
4516004.66
4516004.66
4516004.66
4516004.66
4516004.66
4516004.66
4516004.66
4515742.84
4515742.84
4515742.84
4515742.84
4515742.84
4515742.84
4515742.84
4515742.84
4515742.84
4515742.84
4515742.84
4515742.84
4515228.53
4515228.53
4515228.53
4515228.53
4515228.53
4515228.53
4515228.53
4515228.53
4515228.53
4515228.53
4515228.53
4515228.53
4515228.53
4515228.53
4515228.53
4515228.53
4515228.53
4515228.53
4515228.53
4515228.53
4515228.53
4515228.53
4515228.53
4515228.53
4514768.73
4514768.73
4514768.73
4514768.73
4514768.73
4514768.73
4514768.73
4514768.73
4514768.73
4514768.73
4514768.73
4514768.73
4514768.73
4514768.73
4514768.73
4514768.73
4514768.73
4514768.73
4514768.73
4514768.73
4514768.73
4514768.73
4514768.73
4514768.73
4514768.73
4513090.57
4513090.57
4513090.57
4513090.57
4513090.57
4513090.57
4513090.57
4513090.57
4513090.57
4513090.57
4513090.57
4513087.53
4513087.53
4513087.53
4513087.53
precedence
5127971.66
5127971.66
5121294.45
5120657.92
5120657.92
5111488.50
5111229.40
5112341.64
5112575.24
5128560.85
5123261.09
5117715.52
5114904.72
5119818.11
5108040.82
5123668.80
5115598.91
5115598.91
5111264.36
5111264.36
5119314.83
5126157.43
5122405.58
5117455.75
5111488.21
5116216.68
5115855.35
5120183.68
5120183.68
5117909.93
5112459.14
5112459.14
5122191.41
5123726.94
5107516.29
5126452.59
5120953.02
5120953.02
5114673.31
5114673.31
5114673.31
5107741.64
5107741.64
5119894.32
5130262.18
5122446.82
5111398.88
5111398.88
5113050.46
5108512.43
5113050.46
5113050.46
5113050.46
5113791.19
5117933.84
5110819.45
5110819.45
5104857.45
5095818.65
5104857.45
5103632.75
5103632.75
5103632.75
5108123.94
5108123.94
5102050.75
5108738.11
5125711.59
5106986.83
5106986.83
5100022.31
5100022.31
5114378.92
5104466.14
5112803.88
5108460.78
5108460.78
5112866.10
5122104.27
5111303.91
5096625.35
5103862.85
5104094.58
5104094.58
5104094.58
5112076.84
5093691.12
5093691.12
5093976.98
5093976.98
5093976.98
5093976.98
5093976.98
5093976.98
5096480.51
5096480.51
5096480.51
5104687.46
5095127.17
5095127.17
5095127.17
5089444.68
5089444.68
5098510.07
5097173.04
5085304.19
5085304.19
5085304.19
5088831.49
5102599.87
5091658.66
5091658.66
5098158.97
5097920.39
5097920.39
5102724.20
5105539.08
5085517.71
5085517.71
5085517.71
5099017.42
5099017.42
5099017.42
5116724.89
5086545.96
5086545.96
5091339.23
5095343.47
5094694.15
5083321.39
5101024.36
5108673.18
5113458.62
5096249.97
5089210.34
5089210.34
5083579.20
5083579.20
5083579.20
5090131.45
5102328.16
5102328.16
5102328.16
5066656.76
5109012.63
5103081.09
5103081.09
5086058.43
5105572.34
5105572.34
5108979.07
5107530.99
5107530.99
5104950.02
5104950.02
5104950.02
5104943.57
5094400.91
5098838.74
5098838.74
5098838.74
5098838.74
5081278.59
5099049.09
5099049.09
5099049.09
5099049.09
5089541.84
5089541.84
5091567.75
5090325.17
5100258.69
5100258.69
5094038.33
5097061.21
5097061.21
5088081.68
5086791.07
5086791.07
5089921.95
5074077.27
5074077.27
5089921.95
5093747.89
5084096.86
5094562.75
5076609.07
5075781.19
5075781.19
5076609.07
5086197.72
5079796.57
5079796.57
5086049.29
5096487.18
5096487.18
5096487.18
5086778.82
5103407.80
5100802.36
5101864.76
5107855.95
5096634.85
5096634.85
5096634.85
5096634.85
5107674.07
5107674.07
5107674.07
5109996.90
5109996.90
5112992.19
5083941.64
5109510.92
5109510.92
5094966.41
5108542.80
5093387.61
5110648.86
5081369.02
5081369.02
5088275.92
5091799.97
5097865.81
5091842.80
5086275.54
5099683.95
5057647.12
5057647.12
5057647.12
5057647.12
5096345.64
5090470.99
5081031.92
5090470.99
5096341.23
5096341.23
5081705.65
5098905.97
5110785.31
5110785.31
5110785.31
5109091.68
5096092.22
5075022.87
5075022.87
5102552.19
5085253.42
5085253.42
5099147.86
5099147.86
5096058.31
5075997.54
5075997.54
5095413.95
5095413.95
5079975.55
5079072.22
5084570.46
5079104.27
5077232.21
5084570.46
5076899.85
5068588.72
5073991.32
5069010.28
5060860.81
5060860.81
5057016.22
5051943.69
5062952.90
5060293.51
5077365.53
5074705.23
5063619.22
5063619.22
5063619.22
5063619.22
5063619.22
5063619.22
5063619.22
5076569.21
5067574.73
5084695.64
5086996.01
5086996.01
5086996.01
5082994.39
5078723.51
5085346.40
5083501.23
5068455.78
5068455.78
5049532.29
5049532.29
5085439.69
5085835.17
5078110.95
5078110.95
5069918.08
5089378.48
5084437.46
5072387.52
5082899.23
5077556.77
5077556.77
5077556.77
5062921.25
5062921.25
5068033.70
5057606.90
5077556.77
5089556.38
5060033.15
5060033.15
5060033.15
5049116.63
5094252.65
5092617.63
5079723.79
5080634.19
5092626.63
5093111.14
5092464.33
5092464.33
5091074.74
5089460.33
5097706.62
5088449.72
5097706.62
5086449.88
5086449.88
5086449.88
5086449.88
5087725.80
5087725.80
5082165.97
5100485.09
5100137.61
5094721.27
5082972.78
5084705.81
5079408.02
5079408.02
5079408.02
5087664.22
5096129.84
5083448.95
5076287.86
5083648.60
5083648.60
5060836.94
5060836.94
5060836.94
5086701.07
5065673.83
5065673.83
5065673.83
5076063.82
5085767.02
5085767.02
5092116.34
5082506.50
5082506.50
5082506.50
5096165.12
5088394.30
5079068.38
5082295.75
5082295.75
5082295.75
5089360.60
5081568.76
5081568.76
5084869.11
5095002.02
5095002.02
5095002.02
5095002.02
5095002.02
5085962.86
5088746.81
5100790.85
5089574.45
5089574.45
5084000.74
5077750.20
5076637.76
5070950.49
5070950.49
5070950.49
5092453.66
5098383.50
5081102.93
5081102.93
5081102.93
5107880.55
5087993.47
5087993.47
5087934.30
5074262.47
5074262.47
5076860.15
5076860.15
5088362.28
5064880.07
5064880.07
5090126.64
5084354.63
5062437.62
5083313.31
5071616.07
5081995.92
5074178.95
5074178.95
5092617.77
5091792.75
5077639.63
5079725.13
5064225.64
5054962.01
5054962.01
5054962.01
5068175.53
5057976.39
5045721.06
5073903.73
5073903.73
5055689.67
5074038.07
5070778.31
5071820.06
5071820.06
5059738.91
5059738.91
5059738.91
5060894.14
5050426.60
5055228.40
5055228.40
5041561.29
5041561.29
5054292.92
5076100.12
5074919.63
5061054.98
5061054.98
5051248.65
5049286.36
5049286.36
5063178.27
5053855.73
5042071.75
5048882.32
5054020.91
5070592.74
5057448.50
5057448.50
5057448.50
5057448.50
5050295.59
5054201.61
5050620.25
5050620.25
5048358.95
5048358.95
5057354.33
5059219.53
5052012.33
5052012.33
5026790.95
5026790.95
5041986.97
5041986.97
5041986.97
5042155.87
5071388.42
5061787.35
5055267.74
5074035.61
5074035.61
5074035.61
5077957.75
5077957.75
5073060.03
5073060.03
5087352.63
5083090.29
5070257.26
5070257.26
5086441.89
5086441.89
5096480.08
5079662.32
5100739.46
5086062.31
5089912.40
5088867.64
5091828.64
5067954.11
5090256.16
5106117.48
5107458.72
5109116.03
5109116.03
5082694.78
5082694.78
5079519.70
5086901.78
5086901.78
5084066.91
5084066.91
5084066.91
5078242.51
5078242.51
5085730.53
5082402.16
5081378.80
5081378.80
5077517.60
5077517.60
5069004.93
5069004.93
5069004.93
5069004.93
5069004.93
5081855.48
5094915.19
5092349.46
5079636.34
5079636.34
5090687.01
5090687.01
5093961.03
5095050.61
5098302.63
5090540.68
5094682.29
5101442.69
5096456.89
5103090.54
5073640.60
5080106.32
5073418.07
5073418.07
5073418.07
5083017.56
5083017.56
5083017.56
5083017.56
5083017.56
5070520.90
5085724.23
5092156.59
5082147.81
5082147.81
5084212.24
5073430.14
5073430.14
5073430.14
5073430.14
5071435.47
5066013.21
5082233.79
5082233.79
5082233.79
5078009.82
5078009.82
5078009.82
5078009.82
5082233.79
5081150.66
5081150.66
5094945.93
5091572.23
5098022.98
5098022.98
5080660.47
5076573.29
5080660.47
5080660.47
5084386.29
5090061.18
5090061.18
5095223.10
5095223.10
5095223.10
5096551.66
5096551.66
5118729.23
5099018.47
5085991.15
5085991.15
5105970.39
5092361.09
5102596.09
5102596.09
5075760.41
5075760.41
5092446.72
5092446.72
5100931.23
5112984.46
5089771.41
5110438.77
5107805.62
5102494.67
5110438.77
5119316.78
5116548.48
5103456.50
5071879.52
5071879.52
5115929.21
5088458.99
5114862.79
5107129.18
5111988.37
5111988.37
5102044.16
5102044.16
5113939.98
5113345.72
5113345.72
5097888.79
5097888.79
5097888.79
5097888.79
5120983.05
5106295.44
5117322.29
5117322.29
5116593.36
5116593.36
5116593.36
5107626.83
5116098.77
5116098.77
5124729.53
5113933.95
5131735.59
5115317.59
5115317.59
5127190.04
5121295.05
5114561.85
5113869.53
5113869.53
5123121.06
5100012.60
5100012.60
5104368.77
5109377.93
5107242.17
5107242.17
5106757.94
5091518.33
5106846.05
5106846.05
5091847.78
5091847.78
5098352.20
5098352.20
5115735.99
5083198.53
5083198.53
5114700.54
5102180.95
5097320.27
5093320.09
5093320.09
5098633.28
5103750.99
5118302.44
5109671.39
5109671.39
5107613.96
5097268.51
5113895.53
5096357.40
5096357.40
5096357.40
5101545.16
5098982.30
5110771.61
5100450.73
5096025.00
5080571.41
5095380.38
5095380.38
5099683.99
5098484.14
5099386.91
5098701.09
5110424.88
5110952.99
5105150.28
5099798.91
5093047.26
5096896.11
5096896.11
5096896.11
5096896.11
5091558.32
5088202.35
5088202.35
5094283.48
5094283.48
5070285.12
5070285.12
5070285.12
5070285.12
5070285.12
5070285.12
5087522.39
5080389.39
5080389.39
5084390.78
5063244.43
5092081.09
5101181.85
5096818.04
5091394.43
5091394.43
5092663.03
5092663.03
5092663.03
5093344.50
5089074.00
5094677.55
5094677.55
5099701.90
5090755.34
5090755.34
5084202.04
5084202.04
5100063.47
5093569.82
5086086.40
5100191.29
5100191.29
5100191.29
5100191.29
5099836.04
5096913.71
5098241.95
5100896.41
5089659.40
5089659.40
5089659.40
5078631.87
5078631.87
5080375.03
5083633.29
5094234.60
5092084.46
5092084.46
5097157.34
5097059.02
5098333.05
5098333.05
5106232.98
5106232.98
5079932.20
5104347.97
5102060.45
5092179.71
5091027.26
5091027.26
5091027.26
5079707.47
5088490.66
5088490.66
5081240.27
5081126.08
5081126.08
5088580.91
5103978.20
5099361.17
5099361.17
5108168.39
5106354.59
5105214.47
5094235.36
5094235.36
5094235.36
5104927.08
5097226.93
5097273.02
5097273.02
5097273.02
5114036.63
5107847.03
5109289.05
5120435.76
5106552.64
5091934.15
5091934.15
5106691.64
5091078.74
5107829.80
5108225.26
5115754.62
5107620.60
5107620.60
5107620.60
5101740.63
5108338.26
5111987.73
5110908.06
5096153.76
5096153.76
5101181.50
5108156.51
5090389.64
5090121.00
5105666.07
5106722.14
5101866.42
5070120.38
5087718.27
5102586.50
5104124.97
5105061.63
5107646.85
5078619.88
5087407.72
5087407.72
5087407.72
5087407.72
5091294.50
5079907.25
5079907.25
5071797.84
5098526.78
5098526.78
5107192.39
5099156.47
5099156.47
5099512.77
5101182.78
5096870.26
5093563.37
5089904.30
5104157.37
5098829.98
5098829.98
5092119.15
5107304.72
5107184.90
5106752.46
5100840.71
5106752.46
5112067.77
5112144.53
5095035.85
5095035.85
5102475.87
5106954.00
5089007.06
5089007.06
5101993.89
5107179.28
5094905.56
5094905.56
5087040.81
5087040.81
5087333.87
5087333.87
5087333.87
5075638.99
5087333.87
5094495.66
5094495.66
5098895.13
5095192.41
5083738.10
5093854.70
5093854.70
5082118.03
5082238.68
5086112.76
5086112.76
5090084.50
5092830.84
5098260.52
5099314.93
5068556.00
5081251.36
5076721.23
5076721.23
5076951.54
5076951.54
5091035.92
5078280.26
5078280.26
5093702.59
5096640.91
5102618.17
5086148.27
5085912.06
5075622.64
5075622.64
5089077.26
5096396.40
5074244.10
5093488.84
5088672.02
5088672.02
5079737.34
5088672.02
5104383.08
5099156.20
5099156.20
5095650.63
5095650.63
5100268.27
5097081.31
5115999.13
5088409.53
5096701.00
5107271.27
5107806.86
5103133.17
5100421.10
5097373.44
5097373.44
5110129.47
5115187.63
5108267.46
5075189.61
5075189.61
5100301.27
5094494.48
5094494.48
5101245.17
5099454.11
5106286.40
5101769.64
5095184.61
5095184.61
5095184.61
5081053.02
5095119.16
5101921.37
5092983.10
5090020.79
5097325.04
5097468.68
5101083.54
5085491.49
5085491.49
5086214.99
5073465.78
5086214.99
5106402.50
5113769.41
5114086.90
5104719.09
5104719.09
5104719.09
5087927.06
5087927.06
5087927.06
5105922.19
5103237.20
5103237.20
5102677.97
5085039.49
5086111.56
5099187.20
5090395.23
5092979.05
5097258.65
5097258.65
5109579.41
5107228.08
5114001.89
5108368.08
5087674.34
5087674.34
5102095.61
5089760.46
5089760.46
5093984.52
5099925.05
5099925.05
5090207.51
5089549.25
5089549.25
5097770.94
5094249.58
5107603.73
5098393.83
5103665.36
5103665.36
5089347.01
5089347.01
5089347.01
5101708.54
greedy
4227275.27
3424484.60
2780298.24
2330892.27
2015188.27
1807424.55
1700735.52
1637592.64
1607472.93
1557553.09
1516069.50
1491809.48
1441189.27
1430247.12
1407904.70
1385989.98
1374138.85
1356400.47
1349747.89
1341377.34
1304355.87
1306305.47
1297117.21
1285444.66
1275038.53
1258977.06
1238730.59
1246626.30
1233259.43
1211420.97
1208409.73
1192064.19
1195171.19
1175068.84
1173946.03
1151958.51
1149615.91
1149615.91
1154858.08
1136074.35
1136074.35
1131806.64
1136074.35
1129831.00
1129831.59
1128158.93
1107899.07
1107551.85
1109627.19
1104115.45
1099554.02
1097986.65
1080413.60
1082937.23
1081503.82
1073810.12
1062987.24
1057803.44
1057803.44
1061701.49
1059568.22
1059568.22
1050311.43
1049543.60
1037816.67
1035865.88
1043937.46
1022573.73
1033990.57
1033990.57
1037799.82
1020494.29
1027929.30
1013547.19
1009179.72
1026310.08
1020305.18
1008309.01
1024680.59
1016742.68
1016742.68
1001757.09
1001326.62
992241.708
992241.708
990667.634
989144.395
989755.194
985974.002
980572.056
973705.796
973705.796
979732.777
979732.777
977818.691
976423.234
971031.749
963830.644
954154.139
954154.139
954154.139
954154.139
954154.139
958344.558
960455.711
960707.918
956865.490
956865.490
954484.590
946973.477
949771.299
948214.340
949771.299
939932.813
939332.969
939932.813
942677.261
928842.207
928842.207
928842.207
936271.137
933225.475
933126.779
930486.246
930486.246
942653.646
944585.408
949713.266
933897.213
949597.491
939473.788
934395.904
929729.506
916480.026
911331.454
911331.454
911331.454
911331.454
907831.063
906803.684
922075.187
909890.976
914008.250
915056.531
914010.987
914322.423
916080.643
918323.537
904092.123
910110.493
903941.869
907606.927
903298.390
890103.171
883741.709
883741.709
878878.348
878878.348
878962.930
881949.778
881622.323
885212.642
886642.335
873528.531
876298.965
874629.755
864813.048
880228.349
880228.349
882612.245
893766.283
887008.603
883330.826
881610.769
871140.766
871140.766
871140.766
871140.766
871140.766
875475.519
875876.275
877652.508
877652.508
858488.059
858488.059
883060.321
885948.748
874317.200
874317.200
877613.234
880095.316
880753.028
878521.847
880176.359
873956.841
873956.841
870206.667
871150.190
857423.513
861558.789
858810.397
860303.869
866444.789
857649.521
857649.521
857649.521
838347.251
838347.251
838347.251
849743.928
841395.442
840203.889
842425.560
849521.594
843418.729
841146.741
860024.300
852409.042
854974.182
854169.708
850698.476
842737.140
850570.471
857271.156
854985.560
846596.519
850060.507
850060.507
848249.719
844841.657
844757.056
848249.719
848249.719
830198.884
843555.336
845084.704
844087.102
844087.102
842516.247
846527.785
822264.984
839039.409
844612.003
842629.043
837556.250
826219.118
835990.711
830295.004
830295.004
817818.617
817818.617
827385.941
827385.941
819392.185
823439.327
823439.327
822322.630
820234.034
821589.817
809289.580
809289.580
826643.362
826643.362
826667.584
829645.424
818643.674
818643.674
820382.270
820382.270
812220.873
816911.779
816911.779
822515.412
814437.238
823594.228
809814.133
809814.133
808536.401
808536.401
808536.401
808536.401
796913.395
796913.395
826422.708
824547.618
824547.618
816344.741
820130.846
824547.618
815517.762
818821.867
818821.867
818821.867
828399.524
807203.761
821920.669
811540.903
816031.399
818189.033
815188.537
807827.422
812095.913
812095.913
795991.126
807036.081
805156.886
796759.300
796759.300
793241.662
802307.899
799419.505
800807.191
799111.243
794749.711
792088.297
792088.297
792088.297
789925.059
796261.665
794394.114
793848.393
797381.477
794614.625
794614.625
794614.625
798944.058
793769.520
786906.655
786832.384
785583.440
780063.376
780063.376
780063.376
780063.376
773938.777
773938.777
773938.777
790683.880
790683.880
791462.755
791462.755
792919.488
788447.418
798067.722
789017.302
789686.263
783850.505
787980.208
793114.749
794267.023
790997.458
790473.797
783393.610
783393.610
789605.325
785952.613
789605.325
787992.479
787945.476
775331.633
775331.633
784494.058
776465.300
779836.162
779994.413
774351.957
774351.957
782620.714
770654.700
770654.700
770654.700
785199.887
791679.139
789879.629
791679.139
786749.688
782567.034
785219.390
785219.390
770618.896
790051.404
792981.572
786042.515
787376.604
785012.764
791574.792
790563.185
790563.185
794028.236
793874.464
784685.655
790459.781
793585.223
792017.026
785912.091
783591.831
772442.735
772903.420
772903.420
782849.310
777896.344
771637.493
774563.021
769213.505
782909.071
782909.071
782909.071
782816.342
782816.342
762679.082
787704.929
782595.748
783693.770
783383.120
783383.120
793507.316
786067.066
791167.351
792092.222
785727.272
785727.272
785727.272
785727.272
783864.343
783864.343
787077.824
783047.875
771331.480
775385.243
781422.710
781451.633
779311.769
768818.291
772175.456
774807.748
774807.748
764012.285
764012.285
760596.518
760596.518
760596.518
762957.137
762588.144
757698.993
755330.019
760494.879
760494.879
760494.879
761471.103
761617.236
761891.582
761891.582
748964.440
765089.227
763437.178
766878.256
766878.256
757535.437
757535.437
757535.437
757535.437
767468.774
770608.750
767637.510
771788.819
771788.819
767320.564
769498.220
764595.039
766221.971
760993.819
766014.728
766127.201
766127.201
766127.201
775626.464
772499.169
773217.643
770524.434
776581.893
767989.084
767989.084
770843.152
770843.152
770202.749
770202.749
773687.730
764950.275
773817.334
773817.334
777824.597
777824.597
764897.703
773692.144
762809.037
762701.434
767019.356
767450.980
763256.619
766863.102
773961.693
761247.511
763911.753
762718.668
770446.813
768705.780
764468.036
758730.095
765285.670
749776.062
755082.718
754525.302
754161.190
750820.061
751983.917
750620.319
750620.319
750223.966
750223.966
739713.518
747803.430
748813.801
748813.801
748813.801
744702.076
744702.076
749396.551
748237.970
755917.602
747933.628
753176.058
748053.120
748016.423
744325.727
735088.747
738994.679
744344.315
745819.573
736604.552
750029.658
748826.649
750161.202
739135.972
735420.141
735420.141
745172.967
750656.434
750656.434
741277.112
741277.112
741277.112
745222.216
746222.315
737711.642
731705.091
731705.091
732144.621
722296.924
722296.924
723492.794
723492.794
723492.794
730503.860
739301.187
738921.341
738921.341
729541.066
729541.066
729541.066
727655.155
729541.066
729541.066
729071.227
736074.284
739243.097
729821.293
729821.293
725652.353
725338.404
719347.981
719347.981
732766.343
734020.618
730127.113
718733.036
718733.036
718733.036
730578.722
730427.454
733383.493
734877.963
723451.580
723451.580
729584.470
726215.754
730220.926
714896.347
724768.523
722737.319
718091.198
716282.898
720344.408
720282.813
719358.089
721137.334
721137.334
717001.464
721541.716
720766.298
719860.564
707083.505
707083.505
707083.505
709367.800
709367.800
709491.956
701663.444
712825.095
702446.992
708427.891
714178.059
709664.545
705361.898
705361.898
709664.545
709664.545
709664.545
709664.545
702529.155
713379.452
713017.674
704967.681
706400.322
708399.159
708399.159
703286.878
706182.917
701684.069
706207.073
713342.223
708475.184
714937.895
708236.177
708788.084
701782.657
713801.289
706794.999
705971.150
709238.296
711887.141
712743.153
713721.722
716315.105
714722.850
715105.408
711000.364
718378.717
715688.683
715688.683
715688.683
714786.211
711767.516
708074.849
714270.853
708482.496
708482.496
709042.357
709042.357
709042.357
706999.380
706999.380
711826.630
706829.282
706359.972
713617.363
708518.821
713617.363
705338.240
705856.573
700777.057
700777.057
700777.057
698389.544
702695.513
701604.331
701604.331
701604.331
695782.006
697467.821
697662.976
694194.239
698096.589
701920.018
697890.143
704628.366
701632.905
701602.412
696018.282
700183.129
697648.314
698219.339
693114.180
692854.915
691165.175
691165.175
691165.175
698277.471
698277.471
699558.791
698721.729
697779.717
697779.717
697779.717
694966.631
703226.228
701567.478
698976.771
702600.401
698730.059
698495.995
700799.326
695746.339
699355.052
699355.052
695068.339
695068.339
693306.095
677375.426
694410.187
693260.434
693260.434
688917.886
688917.886
688014.835
688917.886
693821.805
690622.886
690622.886
691472.078
688713.347
688713.347
688713.347
686117.484
687317.833
691264.898

