gox
4058480.20
3470865.93
3200053.32
3079847.62
2972952.81
2915269.32
2840524.72
2806589.91
2788022.22
2770883.88
2724921.79
2717369.15
2719583.85
2685307.05
2667324.85
2643578.13
2643764.73
2633815.73
2628888.94
2623159.75
2606402.92
2606402.92
2606402.92
2601240.74
2603834.77
2581646.91
2570239.65
2570334.37
2551999.03
2551999.03
2557982.62
2557982.62
2551669.86
2529801.77
2519534.55
2517659.80
2517659.80
2517659.80
2510009.70
2493319.70
2493319.70
2488545.70
2481449.11
2473270.66
2456132.81
2456132.81
2473849.67
2473351.54
2457901.14
2447953.95
2452077.97
2441789.12
2421384.86
2430636.44
2433825.86
2429688.59
2431623.81
2428200.56
2428200.56
2410617.89
2410617.89
2410617.89
2405164.67
2400889.99
2382277.18
2393030.52
2397171.77
2373772.16
2381519.96
2381519.96
2373573.25
2365224.88
2362249.61
2362249.61
2357924.90
2329340.30
2327635.56
2304393.69
2330544.05
2334365.18
2334365.18
2332108.86
2347117.14
2324810.70
2324810.70
2327081.37
2316137.87
2316137.87
2315609.99
2305815.06
2283963.81
2283963.81
2291987.45
2284749.27
2284749.27
2283271.66
2283271.66
2271065.68
2265003.31
2265003.31
2265003.31
2244572.94
2239545.57
2225275.33
2225275.33
2240993.72
2239313.56
2220735.17
2231239.44
2220957.14
2206914.68
2195287.37
2195287.37
2195287.37
2195287.37
2199777.76
2204849.94
2197362.46
2197362.46
2184781.00
2187447.57
2185782.38
2180543.12
2183134.75
2183134.75
2156124.19
2156124.19
2170756.39
2170756.39
2157740.43
2159520.08
2149154.78
2149154.78
2159760.74
2162846.85
2160440.42
2155502.60
2144359.27
2134490.94
2134490.94
2145080.58
2145080.58
2145080.58
2136138.30
2130302.74
2136925.16
2144525.43
2144737.44
2141030.69
2141096.29
2136541.36
2130934.34
2109936.87
2109936.87
2109936.87
2109936.87
2109936.87
2109936.87
2115471.52
2102426.96
2083234.10
2083234.10
2086068.02
2084993.44
2107166.97
2107166.97
2107166.97
2112074.79
2087896.71
2101329.70
2108351.08
2090748.07
2090748.07
2090748.07
2093093.42
2086427.69
2086427.69
2086427.69
2086427.69
2085647.93
2085178.95
2076470.95
2074585.79
2074585.79
2074585.79
2075921.80
2050295.06
2050295.06
2048624.04
2045313.09
2044518.61
2045313.09
2043750.05
2040500.69
2045313.09
2045313.09
2043098.92
2041338.23
2034043.93
2042657.06
2034503.36
2034575.76
2023975.36
2023975.36
2023975.36
2023226.83
2023975.36
2023975.36
2020515.94
2020515.94
2016690.61
2016690.61
2017430.64
2005371.87
2005371.87
2000869.76
2012555.42
1999721.95
1999828.74
2002546.12
2001677.04
2005596.71
1999520.36
2003696.55
2002558.19
1999858.63
1999181.59
1997817.43
1990517.43
1984814.06
1988610.40
1980403.26
1980403.26
1975269.35
1973028.52
1974016.63
1974016.63
1974016.63
1974636.92
1979471.94
1979471.94
1970998.22
1977759.98
1977759.98
1973077.00
1971768.42
1974139.53
1976086.55
1972823.17
1972803.09
1968088.81
1969693.34
1958337.66
1958337.66
1973832.88
1967827.92
1973832.88
1971144.56
1963454.12
1963454.12
1962037.76
1963454.12
1963454.12
1964149.77
1963261.79
1963261.79
1962736.25
1960402.53
1960402.53
1957651.51
1951857.21
1950172.07
1956161.44
1943306.90
1951201.67
1951201.67
1951201.67
1942067.87
1939540.86
1939540.86
1939540.86
1944124.39
1944124.39
1948510.19
1943965.17
1935899.14
1935899.14
1942293.73
1938436.01
1934696.60
1934696.60
1934696.60
1934696.60
1939391.49
1939391.49
1942482.48
1942995.89
1942995.89
1938783.91
1934076.99
1939669.28
1944148.34
1941099.44
1943502.05
1937363.18
1921481.04
1921481.04
1907609.74
1914404.65
1921481.04
1909030.01
1925249.04
1923568.57
1918051.65
1918051.65
1917753.07
1917753.07
1914054.99
1911055.17
1911055.17
1912404.24
1911782.65
1912676.28
1910002.84
1904904.64
1900413.15
1900413.15
1902134.92
1893968.21
1889610.77
1889610.77
1889610.77
1889610.77
1889343.68
1890226.40
1877621.09
1877621.09
1881857.59
1870443.49
1880439.13
1865030.60
1862322.31
1862322.31
1864180.81
1864180.81
1866239.05
1863682.18
1863682.18
1858662.09
1862612.67
1862612.67
1860556.90
1860556.90
1859104.60
1854418.50
1854418.50
1849491.20
1849491.20
1855637.36
1858769.11
1855328.53
1849364.14
1855380.70
1858066.88
1854033.09
1851263.39
1851263.39
1848367.85
1849674.25
1849674.25
1848561.58
1849674.25
1836739.89
1836739.89
1848923.51
1852456.43
1852456.43
1852138.95
1844115.93
1844115.93
1830450.11
1838042.52
1840771.88
1848912.61
1848524.25
1839406.73
1832928.79
1832928.79
1851014.02
1843871.59
1843871.59
1846486.03
1842056.18
1838700.61
1838700.61
1838700.61
1845693.98
1845693.98
1845693.98
1837947.69
1837947.69
1838214.17
1832800.63
1832800.63
1838940.21
1838940.21
1827030.82
1835586.73
1835586.73
1835586.73
1838463.40
1837990.02
1841047.53
1841047.53
1840793.40
1847645.14
1843023.92
1835897.42
1834862.68
1834862.68
1834862.68
1834862.68
1829829.84
1833347.80
1833347.80
1836609.42
1834052.44
1826078.66
1835778.51
1826094.83
1832837.93
1833319.73
1826579.55
1821807.15
1821807.15
1821807.15
1822289.73
1818355.43
1819354.00
1819354.00
1815232.13
1811366.66
1810217.36
1818331.90
1812830.53
1814176.19
1814176.19
1814176.19
1814176.19
1807673.35
1807673.35
1807673.35
1809080.02
1796930.38
1796930.38
1796160.97
1796160.97
1796160.97
1796160.97
1795966.35
1795966.35
1795086.48
1789825.45
1789825.45
1796807.04
1785464.08
1783124.32
1791826.10
1792073.05
1788971.12
1791722.75
1790112.59
1789263.92
1789263.92
1786008.94
1773764.98
1782203.49
1782203.49
1776785.47
1770229.18
1770229.18
1770229.18
1768782.76
1768782.76
1768782.76
1767671.34
1767144.03
1765065.20
1765549.18
1765549.18
1761092.35
1757670.63
1746603.61
1756762.00
1756851.53
1756851.53
1756684.53
1758513.24
1761082.60
1760921.31
1742213.30
1758742.21
1756235.66
1751430.99
1751430.99
1753123.60
1753123.60
1755924.62
1749418.91
1749418.91
1751017.31
1751017.31
1751017.31
1750676.21
1751017.31
1735939.75
1735939.75
1735939.75
1735939.75
1735939.75
1735939.75
1755101.14
1755101.14
1755101.14
1750000.35
1747571.17
1747236.87
1754634.69
1752599.30
1750224.04
1747743.40
1756320.60
1751736.76
1753568.16
1756812.30
1759464.92
1757156.42
1750615.04
1754118.21
1754212.26
1752936.73
1747801.39
1752563.94
1744175.17
1744175.17
1744175.17
1744622.08
1744063.31
1744063.31
1743493.08
1743493.08
1748487.50
1744078.73
1747967.93
1744055.47
1744055.47
1743169.01
1742786.73
1741548.56
1741548.56
1741548.56
1736791.52
1740172.50
1735816.14
1735816.14
1735816.14
1735816.14
1733628.96
1733628.96
1728288.93
1726198.85
1726198.85
1726198.85
1728165.44
1735817.72
1727146.06
1727146.06
1724584.51
1724584.51
1730385.66
1730385.66
1732683.30
1725583.28
1725583.28
1727831.24
1727831.24
1727831.24
1728609.91
1728609.91
1729580.38
1727806.91
1735000.32
1731761.55
1732588.00
1735333.76
1732281.98
1732281.98
1734021.33
1734021.33
1733726.79
1733726.79
1734184.58
1733514.43
1732255.88
1731489.67
1720342.89
1727218.31
1722441.60
1727565.81
1728270.53
1727815.90
1727815.90
1727815.90
1731151.94
1718811.61
1725172.16
1721570.29
1718119.61
1716240.32
1721274.96
1716883.67
1713939.30
1713939.30
1713939.30
1703473.50
1703473.50
1701658.49
1701658.49
1714460.39
1715806.69
1718176.36
1715987.91
1713203.04
1713203.04
1713203.04
1711041.42
1713101.48
1703528.40
1703528.40
1713160.56
1706372.87
1707422.29
1705133.86
1710242.29
1706978.46
1705624.91
1705624.91
1699618.45
1706171.19
1706171.19
1704272.59
1706872.90
1708237.26
1708041.13
1708041.13
1708041.13
1714315.06
1707749.19
1707749.19
1696116.32
1696116.32
1701235.13
1701584.48
1705363.45
1703843.00
1703843.00
1700244.01
1697190.09
1690767.55
1690767.55
1690767.55
1691606.19
1694570.26
1693769.43
1691274.74
1691274.74
1687247.04
1681710.80
1679021.92
1679021.92
1679021.92
1679021.92
1688518.25
1689006.65
1688660.79
1688660.79
1680348.36
1680348.36
1688396.71
1685750.83
1681634.99
1684734.74
1685373.89
1685614.93
1686687.44
1689589.98
1687377.07
1689589.98
1689451.93
1689589.98
1686366.43
1686195.24
1683628.87
1682739.15
1682739.15
1678043.13
1678305.53
1678305.53
1679361.17
1679361.17
1679361.17
1679361.17
1679361.17
1677132.08
1679361.17
1679361.17
1681638.34
1678885.69
1678885.69
1682134.88
1676178.50
1676178.50
1683884.34
1678850.29
1678850.29
1678850.29
1678850.29
1681164.52
1685874.99
1689079.88
1686472.75
1677881.53
1676205.56
1676205.56
1677881.53
1682370.29
1681620.18
1681620.18
1683130.31
1683949.28
1683949.28
1683949.28
1678539.18
1683949.28
1681753.92
1679637.76
1685353.11
1680173.51
1680173.51
1679801.02
1679801.02
1680173.51
1679126.33
1686712.18
1687477.03
1682454.93
1682454.93
1683037.35
1682441.75
1685938.41
1682629.00
1682143.82
1682143.82
1691132.01
1689675.81
1689675.81
1686651.12
1688307.61
1685380.60
1685380.60
1685380.60
1683768.01
1674391.45
1674391.45
1685413.65
1685413.65
1686828.46
1688995.33
1679468.34
1679468.34
1682306.41
1682306.41
1686377.52
1677187.39
1677187.39
1677187.39
1686380.80
1679813.74
1677937.46
1677642.62
1672241.23
1672241.23
1680563.85
1679604.41
1680920.55
1678390.53
1678390.53
1678390.53
1681786.75
1682060.99
1683127.38
1673889.18
1677556.46
1677341.16
1672989.12
1665353.82
1676681.95
1680327.43
1679554.35
1677802.75
1675622.41
1674141.62
1675622.41
1676711.52
1675201.45
1675201.45
1672123.97
1673732.54
1673732.54
1673732.54
1677241.47
1678509.88
1671534.01
1671534.01
1676648.50
1674135.52
1676102.65
1674840.74
1670899.46
1670899.46
1673264.33
1667049.49
1667049.49
1676926.69
1665722.88
1665722.88
1675616.62
1675616.62
1670596.10
1673496.54
1670254.01
1658109.91
1673178.86
1671615.42
1669420.27
1672871.12
1667427.03
1667427.03
1667905.56
1667725.54
1667725.54
1667849.17
1669193.77
1660326.21
1664459.38
1664459.38
1664459.38
1661047.45
1663910.97
1660135.59
1660135.59
1663910.97
1668366.59
1668366.59
1668366.59
1668158.64
1668158.64
1672595.78
1664458.09
1664458.09
1664458.09
1654960.76
1660883.73
1660883.73
1658857.21
1667391.63
1666642.34
1664551.44
1667657.62
1661445.38
1655420.83
1661546.23
1660203.55
1653020.62
1663185.78
1661154.18
1648752.28
1657543.52
1656375.97
1651256.32
1650513.79
1651256.32
1649284.60
1649284.60
1658508.64
1657770.26
1652106.87
1645888.33
1646936.90
1650427.69
1644028.09
1644028.09
1639423.52
1645755.82
1641412.73
1650652.10
1647140.29
1641178.83
1641178.83
1641178.83
1642124.86
1644631.18
1642233.76
1642233.76
1642233.76
1642233.76
1645626.64
1645682.78
1642506.59
1642506.59
1647135.96
1647827.42
1647891.24
1645002.40
1645002.40
1643860.97
1643353.46
1643690.89
1642550.48
1642550.48
1639847.40
1639246.60
1639847.40
1640310.65
1640310.65
1643197.79
1647007.35
1645683.33
1633749.24
1639879.04
1639879.04
1637305.20
1637305.20
1639899.53
1641863.71
1640212.48
1641005.03
1644435.18
1644608.82
1635117.25
1635117.25
1639767.46
1642014.95
1640538.77
1641648.55
1634898.32
1640720.25
1641014.06
1636107.31
1636107.31
1636107.31
1638970.63
1622503.92
1622503.92
1636610.66
1636610.66
1627192.79
1627192.79
1631887.25
1635670.85
1629651.87
1629651.87
1633166.67
1624557.57
1618327.04
1620008.86
1616930.26
1622451.81
1625775.88
1610078.95
1610078.95
1617048.57
1617048.57
1611324.40
1620474.14
1616751.98
1616751.98
1616751.98
1611433.96
1611433.96
1621199.93
1621862.24
1623570.34
1623570.34
1617500.66
1617500.66
1617500.66
1617500.66
1617500.66
1620631.27
precedence
8875116.78
8894870.32
8898514.81
8891011.60
8891011.60
8880350.70
8891011.60
8893999.36
8892994.96
8901392.90
8910997.62
8894115.50
8894202.92
8893692.62
8906702.57
8905584.74
8906193.83
8888638.03
8890490.11
8890490.11
8887263.40
8887263.40
8886597.52
8898767.58
8882800.53
8886048.68
8876212.30
8904096.35
8884755.68
8884755.68
8873905.90
8873905.90
8901983.64
8898707.69
8891247.93
8874545.41
8865569.28
8865569.28
8865569.28
8865569.28
8865569.28
8865569.28
8865569.28
8877272.76
8884867.88
8853968.00
8853968.00
8866929.44
8869416.21
8869416.21
8857733.42
8849833.95
8849833.95
8861034.65
8868939.96
8868939.96
8858182.54
8860195.87
8860195.87
8844618.28
8844618.28
8844618.28
8844618.28
8862795.53
8862795.53
8890197.14
8889038.10
8873936.69
8871621.86
8871621.86
8831223.90
8831223.90
8852534.31
8852534.31
8852534.31
8852856.90
8852856.90
8872069.94
8879975.32
8863346.09
8863346.09
8886486.81
8864355.26
8864355.26
8864355.26
8854058.09
8872510.13
8872510.13
8881608.21
8858222.29
8856351.45
8856351.45
8856351.45
8856351.45
8873781.92
8853719.23
8853719.23
8874656.00
8855988.76
8855988.76
8855988.76
8855988.76
8855988.76
8873127.55
8873127.55
8879724.24
8879724.24
8879724.24
8886833.90
8871396.19
8859581.26
8859581.26
8871396.19
8871396.19
8871396.19
8871472.57
8886353.26
8859886.20
8859886.20
8859886.20
8880939.23
8880939.23
8858557.66
8887730.25
8887730.25
8883030.82
8867464.31
8883030.82
8883030.82
8895947.59
8883631.56
8874641.61
8876215.24
8888953.23
8898916.42
8898916.42
8879914.63
8863881.30
8863881.30
8879914.63
8884569.05
8884569.05
8884569.05
8890825.06
8892688.35
8911145.96
8904860.72
8879566.17
8885304.84
8885304.84
8886204.08
8886204.08
8878352.22
8869117.35
8869117.35
8869117.35
8850583.06
8850583.06
8858454.22
8858454.22
8858454.22
8858454.22
8836067.16
8863305.43
8869286.95
8866789.53
8830935.42
8872503.07
8856156.34
8857656.56
8880127.61
8876609.90
8866683.16
8858517.07
8866683.16
8855290.66
8855290.66
8855290.66
8845482.89
8855290.66
8859444.89
8848515.00
8848515.00
8850732.92
8849972.53
8854501.27
8846318.99
8846318.99
8846318.99
8815909.05
8815909.05
8852260.25
8852260.25
8861440.78
8865475.76
8864812.79
8852453.91
8852453.91
8869467.33
8868169.26
8856694.34
8855989.69
8866667.62
8863256.43
8855873.89
8855873.89
8848060.18
8848060.18
8848060.18
8854264.21
8831157.64
8831157.64
8832403.09
8830914.65
8830914.65
8854606.89
8844010.19
8855595.11
8824138.57
8848952.64
8829464.98
8846660.16
8863184.20
8861206.76
8852980.81
8845909.22
8853014.38
8853014.38
8830377.38
8830377.38
8830377.38
8853448.62
8853448.62
8853448.62
8848476.12
8853619.63
8853619.63
8851436.33
8862368.23
8863434.88
8863434.88
8863434.88
8857071.80
8845275.95
8845275.95
8851846.40
8867754.96
8852690.78
8852690.78
8855223.50
8852673.10
8867082.31
8861506.02
8861506.02
8869004.30
8855913.12
8857021.10
8854822.76
8841883.44
8841883.44
8841883.44
8867625.65
8860785.45
8856154.04
8847445.67
8847445.67
8847445.67
8834664.03
8831353.79
8847001.36
8832462.78
8832462.78
8838143.95
8864472.81
8855605.21
8851308.38
8837798.52
8837798.52
8837798.52
8837798.52
8837798.52
8838791.65
8838791.65
8850639.72
8851978.01
8845560.79
8845560.79
8851978.01
8851978.01
8846348.70
8846348.70
8826538.26
8826538.26
8849794.93
8849794.93
8856041.53
8857950.46
8857950.46
8858192.06
8862158.66
8868868.88
8849641.35
8849641.35
8865335.00
8873450.03
8859538.45
8859538.45
8859538.45
8854756.73
8860816.12
8867046.19
8860883.01
8868083.40
8850746.23
8850746.23
8850746.23
8831877.64
8851765.40
8855527.10
8838901.26
8861786.46
8869205.67
8858990.83
8858990.83
8835246.16
8835246.16
8835246.16
8882769.87
8870339.97
8871651.72
8870513.74
8850882.90
8850882.90
8850882.90
8844730.58
8844730.58
8844730.58
8889930.33
8871186.08
8871186.08
8864364.36
8864364.36
8869802.49
8870140.52
8870140.52
8855802.49
8855802.49
8861335.13
8861335.13
8854603.85
8854018.77
8854603.85
8852452.93
8852452.93
8830352.70
8830352.70
8837823.03
8837823.03
8849895.39
8860992.58
8830564.93
8860992.58
8862259.88
8862259.88
8855787.69
8845824.73
8845824.73
8845824.73
8871821.85
8865486.00
8865486.00
8828756.87
8839440.50
8839440.50
8855801.24
8851643.74
8851643.74
8851643.74
8851643.74
8851643.74
8855567.27
8846453.62
8831815.62
8853577.14
8858039.10
8858039.10
8841135.63
8841135.63
8854826.22
8854826.22
8854826.22
8860239.54
8861567.61
8853387.98
8849446.79
8849446.79
8843719.94
8843719.94
8843719.94
8835588.65
8835588.65
8846038.18
8856189.50
8855273.86
8853306.85
8853306.85
8853306.85
8840926.57
8840900.62
8836975.06
8846303.83
8839393.74
8848375.00
8848375.00
8848375.00
8824661.08
8824661.08
8840102.45
8838205.54
8838205.54
8838205.54
8825889.57
8825752.00
8825889.57
8825889.57
8831838.31
8811176.77
8811176.77
8834664.44
8835043.70
8841213.02
8839621.48
8839621.48
8821963.03
8821963.03
8821963.03
8829985.30
8829985.30
8831223.81
8831223.81
8831223.81
8829572.81
8836553.10
8842642.13
8828599.24
8820838.39
8820838.39
8820838.39
8823793.93
8823793.93
8841981.69
8841981.69
8856356.11
8851456.04
8851456.04
8872915.38
8864772.63
8857039.10
8837718.36
8837718.36
8837718.36
8839070.32
8854775.44
8844787.52
8854775.44
8854775.44
8866022.90
8846671.50
8851524.20
8851524.20
8879261.48
8869443.21
8865573.76
8858784.03
8858784.03
8869512.66
8884348.01
8868708.85
8843908.41
8885410.89
8866163.60
8865677.28
8864837.05
8864837.05
8848979.83
8848979.83
8864837.05
8864837.05
8867331.30
8867331.30
8875390.14
8875390.14
8880544.40
8859980.99
8875302.54
8861819.47
8865401.06
8873016.29
8870462.73
8870462.73
8879360.99
8856698.46
8859329.80
8873886.99
8869988.66
8854727.64
8854727.64
8862896.40
8861970.35
8861970.35
8862932.76
8859317.99
8859317.99
8842175.09
8842175.09
8859441.79
8859441.79
8859441.79
8859441.79
8859441.79
8859441.79
8856419.75
8841103.79
8841103.79
8841103.79
8841103.79
8864021.30
8851768.82
8851768.82
8868449.57
8850352.83
8847015.02
8847015.02
8850342.36
8851572.03
8848645.88
8873487.26
8868743.37
8856800.58
8876472.42
8872282.60
8862440.69
8863661.84
8866959.88
8866959.88
8860024.94
8869981.79
8869981.79
8869981.79
8869981.79
8869981.79
8875150.25
8887914.41
8894235.70
8876796.44
8876796.44
8881333.87
8860917.76
8860917.76
8860917.76
8836944.18
8836944.18
8860917.76
8871631.08
8854554.31
8846768.86
8846768.86
8846768.86
8846768.86
8846768.86
8850417.50
8850417.50
8850417.50
8869058.69
8867219.82
8855615.16
8855615.16
8855615.16
8855615.16
8870772.56
8865359.49
8850708.52
8851266.32
8846065.99
8846065.99
8846065.99
8846065.99
8857350.24
8853805.94
8840211.20
8864606.22
8866406.74
8853878.77
8871511.00
8861621.79
8854258.98
8854258.98
8860271.58
8860271.58
8857563.03
8857563.03
8864026.63
8865899.15
8871439.58
8868642.77
8838089.32
8858377.65
8872113.60
8869156.46
8870426.62
8875806.91
8875806.91
8863122.73
8867857.16
8867857.16
8871751.75
8874009.94
8870495.08
8870495.08
8869955.02
8869955.02
8860756.32
8860756.32
8860756.32
8859227.62
8834887.36
8834887.36
8834887.36
8862698.09
8865144.09
8873557.75
8868377.91
8845068.53
8845068.53
8845068.53
8845068.53
8877053.80
8877053.80
8864950.15
8863252.75
8876674.91
8882835.57
8868789.02
8858528.84
8855725.04
8855725.04
8854337.07
8854337.07
8869644.09
8868529.69
8868529.69
8867831.17
8874424.30
8875700.18
8856106.43
8856106.43
8878174.54
8881077.34
8863786.89
8860964.66
8857160.86
8860964.66
8867210.13
8865283.87
8865283.87
8857877.42
8857953.99
8857953.99
8857953.99
8857953.99
8844345.47
8847052.54
8835460.41
8861674.59
8870251.36
8861357.19
8837539.97
8856207.83
8847550.46
8847414.22
8847414.22
8847414.22
8856133.26
8864130.69
8844805.06
8844805.06
8837836.87
8830605.27
8814505.40
8814505.40
8830318.80
8845383.89
8849710.38
8833677.18
8849768.34
8848412.70
8833841.57
8840167.37
8840167.37
8847202.58
8847202.58
8847202.58
8847202.58
8847202.58
8847202.58
8847202.58
8868516.34
8863463.71
8874687.42
8869812.14
8864655.14
8854500.60
8839309.29
8839309.29
8838639.70
8838639.70
8847607.09
8861085.22
8856306.71
8852121.16
8864776.33
8853223.99
8853327.13
8853327.13
8867886.67
8860309.49
8844753.60
8857685.44
8867886.67
8867678.30
8865565.64
8865603.21
8835832.01
8835832.01
8858483.09
8859197.12
8859197.12
8859197.12
8870144.39
8892415.88
8881814.76
8850534.95
8856319.55
8879105.45
8872303.15
8856646.97
8871319.76
8866603.22
8866603.22
8866603.22
8845549.64
8845549.64
8862878.28
8871345.78
8870474.51
8874214.53
8864462.39
8862137.98
8862137.98
8839279.88
8836296.70
8839279.88
8839279.88
8848168.78
8858139.34
8844816.09
8844816.09
8852625.41
8852625.41
8852625.41
8852625.41
8852347.72
8852347.72
8852347.72
8863780.70
8846444.43
8846444.43
8863822.43
8849736.74
8849736.74
8845182.55
8829987.30
8851796.61
8851796.61
8851796.61
8851796.61
8858153.16
8858153.16
8862955.03
8862955.03
8862955.03
8856294.77
8850946.22
8863721.48
8855379.19
8863844.41
8828997.37
8828997.37
8850091.83
8849659.75
8850091.83
8858372.06
8848277.03
8848277.03
8848277.03
8844776.22
8841963.55
8841366.58
8838689.92
8841366.58
8847670.81
8851939.46
8848480.82
8848480.82
8848480.82
8848480.82
8857802.52
8867438.13
8858643.82
8854690.28
8863520.05
8843509.64
8826514.76
8826514.76
8848965.27
8853454.44
8852020.73
8848672.29
8848672.29
8840983.05
8840983.05
8829166.22
8829166.22
8841014.09
8862391.24
8858142.42
8837667.84
8837667.84
8837667.84
8852816.44
8843588.27
8853974.32
8849271.94
8831430.54
8838379.98
8837419.99
8837419.99
8839960.26
8851446.17
8851446.17
8851446.17
8866913.57
8849943.78
8850885.42
8844866.18
8844866.18
8844866.18
8850163.44
8852968.25
8852968.25
8838016.78
8852968.25
8865686.54
8866974.94
8861885.21
8866974.94
8863956.50
8866404.73
8863621.05
8863621.05
8856911.45
8866334.97
8871864.55
8867241.64
8875782.91
8868702.14
8853038.71
8853525.86
8852258.74
8852258.74
8860977.56
8869750.97
8869750.97
8866792.60
8853451.06
8862759.43
8864554.35
8858625.75
8873139.31
8858119.25
8844810.70
8858119.25
8858119.25
8869508.18
8881062.38
8881062.38
8873226.13
8866537.37
8877134.04
8879729.77
8863776.51
8863776.51
8863776.51
8853581.66
8865055.19
8837991.21
8851829.31
8856077.17
8868365.30
8857562.09
8868365.30
8874576.61
8872716.44
8872716.44
8865488.80
8865488.80
8866965.19
8865242.85
8880740.72
8873897.46
8874957.61
8876809.55
8877663.91
8877663.91
8855864.14
8871865.27
8866949.55
8867418.24
8852905.87
8852905.87
8852905.87
8873773.32
8868805.18
8866551.24
8856137.75
8838903.64
8863985.44
8864318.92
8860853.04
8865069.53
8866409.10
8866409.10
8864239.48
8857263.18
8866522.28
8866522.28
8868023.63
8870933.23
8865134.08
8857615.67
8857615.67
8869754.94
8863818.64
8863818.64
8866537.41
8861798.47
8868137.04
8869011.83
8884396.66
8863830.68
8863830.68
8879115.67
8868844.24
8868844.24
8845890.12
8845890.12
8845890.12
8840149.85
8840149.85
8843103.70
8860094.16
8868132.86
8860035.38
8863190.10
8863190.10
8873211.19
8881542.72
8866136.46
8869262.29
8869262.29
8869262.29
8880625.07
8874906.88
8874906.88
8887849.95
8884899.90
8884899.90
8874258.26
8868282.21
8864609.44
8887359.00
8866779.65
8885494.58
8881704.23
8869480.32
8869480.32
8869480.32
8869480.32
8869480.32
8870825.09
