gox
2608006.01
2229686.48
2062985.27
1962700.03
1886527.88
1824890.13
1854658.69
1800825.97
1776982.01
1777590.12
1741271.84
1715668.17
1755981.74
1739853.09
1717309.76
1700514.23
1691402.20
1691402.20
1690570.24
1690570.24
1699492.60
1699492.60
1675593.02
1683011.57
1663656.91
1674263.23
1675894.45
1678474.37
1665700.87
1657942.44
1662966.08
1662966.08
1637404.67
1650145.26
1620453.46
1610894.91
1595523.91
1595523.91
1595523.91
1595523.91
1595523.91
1595523.91
1595523.91
1592544.90
1583538.64
1581253.97
1581253.97
1572675.49
1572081.25
1567200.55
1563633.87
1562077.88
1552166.12
1550451.35
1555193.65
1550330.91
1550552.45
1530144.12
1517093.02
1525167.44
1517498.53
1517498.53
1517498.53
1516876.11
1507350.63
1516222.16
1513802.03
1501234.55
1495084.29
1494473.41
1487093.95
1487093.95
1487127.03
1468950.90
1462320.13
1457647.34
1457647.34
1463940.24
1455400.16
1463426.47
1459367.62
1441423.44
1450758.32
1450758.32
1450758.32
1444419.62
1439842.02
1439842.02
1452194.06
1445736.93
1443462.66
1430955.38
1443100.77
1443100.77
1447903.39
1437497.31
1437497.31
1444768.47
1430399.60
1424965.78
1424965.78
1424965.78
1424965.78
1430197.58
1416785.29
1416785.29
1416785.29
1416098.73
1420107.31
1416722.93
1412689.10
1412689.10
1407237.65
1407237.65
1407237.65
1406014.65
1409406.11
1409406.11
1407687.27
1399064.33
1404787.30
1398026.04
1398026.04
1398716.23
1391849.56
1391264.11
1385138.76
1391264.11
1379219.58
1390951.95
1383846.84
1384648.93
1378597.64
1374913.83
1375333.63
1375333.63
1375333.63
1375333.63
1362442.50
1362442.50
1376553.23
1363337.03
1363337.03
1361988.66
1367751.83
1364737.60
1364385.10
1368636.86
1364846.46
1369607.46
1369767.14
1356207.82
1356207.82
1348169.05
1348169.05
1348169.05
1348169.05
1348169.05
1342094.21
1342094.21
1341107.12
1341107.12
1341858.10
1350134.25
1352721.01
1348499.58
1348499.58
1343448.12
1343448.12
1345397.41
1344662.02
1341246.03
1336796.41
1336796.41
1326608.86
1326608.86
1326608.86
1326608.86
1325525.37
1324472.41
1324472.41
1324472.41
1325231.27
1325231.27
1325231.27
1318454.38
1323190.94
1323190.94
1318968.56
1308041.96
1308041.96
1322181.08
1313134.12
1313134.12
1317800.72
1314970.12
1313112.59
1307106.91
1310908.58
1301237.36
1308059.12
1303186.86
1295517.05
1295517.05
1295517.05
1295517.05
1296728.94
1296728.94
1296728.94
1303072.00
1301419.47
1301221.04
1300675.86
1301398.20
1292633.28
1295439.61
1294961.11
1288829.09
1292634.05
1290575.16
1290575.16
1287798.45
1286031.44
1289182.89
1287313.31
1281776.69
1283455.44
1283455.44
1281836.37
1278507.87
1276893.12
1276937.34
1274655.32
1274655.32
1277842.35
1273337.28
1273337.28
1273337.28
1270264.73
1265076.05
1263104.88
1263104.88
1265076.05
1258685.34
1258685.34
1260341.26
1255081.19
1263055.25
1258396.45
1263055.25
1263030.21
1260510.35
1256399.76
1256399.76
1259610.18
1259610.18
1256440.72
1256440.72
1251771.80
1251771.80
1242627.67
1251771.80
1245992.44
1244713.75
1233903.54
1233903.54
1233903.54
1232878.25
1232878.25
1240684.91
1238374.73
1233231.38
1229806.55
1231989.32
1226858.14
1226858.14
1226858.14
1229290.54
1229290.54
1229290.54
1229009.62
1226247.94
1223456.04
1229757.79
1229642.11
1229642.11
1221515.99
1224656.90
1224656.90
1224629.13
1224274.26
1224274.26
1220887.61
1219631.59
1218834.34
1218834.34
1223278.65
1216631.54
1216631.54
1214506.82
1220187.25
1217804.61
1216595.37
1225207.04
1223047.85
1219478.83
1219478.83
1219478.83
1217484.67
1222119.47
1224166.51
1217243.17
1217884.75
1217884.75
1216804.69
1216804.69
1212374.08
1221697.53
1223586.71
1218022.30
1216716.61
1218271.14
1219111.19
1219111.19
1203550.25
1212276.84
1212276.84
1221348.87
1216868.21
1222122.33
1222122.33
1214836.00
1214836.00
1214836.00
1215375.45
1212175.43
1212175.43
1207380.78
1207380.78
1209350.69
1209350.69
1206165.56
1205205.05
1205072.73
1205072.73
1198912.32
1198912.32
1200350.80
1202885.23
1198907.41
1198907.41
1200092.89
1198513.55
1196726.12
1193124.28
1192271.36
1186564.95
1186564.95
1192395.53
1192840.62
1192840.62
1195036.74
1196384.13
1195555.84
1191857.86
1192235.24
1192235.24
1192235.24
1193730.65
1192030.89
1192030.89
1195489.93
1189576.85
1189576.85
1190245.06
1193796.72
1193796.72
1193796.72
1193796.72
1192870.84
1197439.74
1191327.98
1200390.85
1187927.59
1187927.59
1192891.19
1179494.19
1177216.44
1184954.70
1184954.70
1184954.70
1182562.77
1187843.22
1176704.26
1176704.26
1176704.26
1177743.31
1177743.31
1177743.31
1177977.34
1168643.82
1168591.81
1168643.82
1168643.82
1170821.43
1170821.43
1170468.54
1165854.03
1165854.03
1165854.03
1173669.08
1170451.66
1168460.75
1168460.75
1168460.75
1164648.63
1164648.63
1160655.49
1160655.49
1169593.30
1169593.30
1169593.30
1169593.30
1173991.59
1165658.88
1165658.88
1167483.88
1167483.88
1173118.09
1173867.55
1170481.93
1172631.17
1172631.17
1172631.17
1172631.17
1172631.17
1172631.17
1166339.32
1167195.45
1167195.45
1167195.45
1162370.16
1165862.15
1162602.91
1166105.40
1168833.05
1168195.47
1166982.57
1163662.42
1161020.94
1161020.94
1161020.94
1161477.68
1160691.26
1160691.26
1149767.46
1149767.46
1149767.46
1149767.46
1149767.46
1149767.46
1159463.90
1158279.11
1157179.21
1158297.15
1157498.64
1154854.04
1157708.62
1156466.02
1151088.42
1155661.30
1153402.37
1153402.37
1152841.67
1151748.76
1153814.02
1149535.92
1149535.92
1144670.56
1152204.77
1150717.56
1150717.56
1152204.77
1152204.77
1145609.81
1145609.81
1148253.04
1150105.16
1151033.61
1151033.61
1150927.69
1148076.24
1148076.24
1151919.34
1152986.02
1152986.02
1156740.14
1153772.28
1155162.71
1155162.71
1160702.66
1158095.79
1153555.59
1160419.19
1158251.59
1158251.59
1160419.19
1160262.26
1158237.67
1154402.91
1154402.91
1154402.91
1154402.91
1154402.91
1154402.91
1160032.92
1153314.88
1153314.88
1153314.88
1153314.88
1153314.88
1163671.58
1163671.58
1163671.58
1163671.58
1163671.58
1159591.98
1162639.12
1162639.12
1164504.43
1163228.65
1165840.57
1163656.83
1163656.83
1161856.57
1162390.29
1164448.91
1165734.12
1159536.76
1157026.15
1158635.91
1158635.91
1153135.48
1155014.33
1155014.33
1154456.06
1157907.11
1157907.11
1157907.11
1157907.11
1157907.11
1154032.64
1152249.09
1155479.31
1156156.17
1156156.17
1152463.06
1152463.06
1152463.06
1153210.58
1151584.80
1151584.80
1152789.79
1150184.32
1150184.32
1139875.18
1139875.18
1139875.18
1139875.18
1139875.18
1147244.54
1147244.54
1147244.54
1147501.41
1145322.11
1149695.67
1144727.07
1145101.72
1145101.72
1146927.90
1144848.04
1143510.25
1142088.21
1141194.30
1141079.05
1141079.05
1141079.05
1141972.31
1139211.82
1139974.25
1138846.59
1138978.69
1138978.69
1135562.70
1143101.17
1136215.41
1136215.41
1140304.07
1140304.07
1142063.56
1141604.89
1142063.56
1139187.07
1139187.07
1140658.45
1138382.92
1140658.45
1142025.81
1135579.64
1135360.05
1135360.05
1135360.05
1135360.05
1144987.60
1144987.60
1146021.29
1140508.26
1144238.87
1144069.16
1144450.92
1145687.13
1146225.81
1146225.81
1139531.63
1142559.82
1142559.82
1139826.42
1139826.42
1143406.31
1143779.97
1147471.79
1138960.99
1138960.99
1142770.21
1142770.21
1138798.86
1139266.59
1139266.59
1134064.48
1136838.37
1139317.73
1137236.50
1140078.19
1140377.51
1137094.47
1137282.04
1139114.11
1139034.64
1137942.78
1137942.78
1137281.84
1140435.35
1135867.61
1137373.21
1136880.78
1136880.78
1134466.22
1134622.63
1134622.63
1134622.63
1134622.63
1135970.19
1134389.28
1135935.76
1135935.76
1135935.76
1137425.70
1134045.72
1134045.72
1134045.72
1128980.23
1134045.72
1133686.17
1135366.53
1132749.56
1132749.56
1136067.71
1137716.30
1134248.48
1134248.48
1134248.48
1134248.48
1136025.50
1129559.88
1137947.39
1137947.39
1136343.63
1136343.63
1131467.74
1131467.74
1137671.59
1133328.07
1134242.86
1134827.30
1138889.41
1137651.51
1137651.51
1138232.66
1136029.92
1138232.66
1127565.52
1127565.52
1127565.52
1127565.52
1127565.52
1127565.52
1134907.11
1134907.11
1142207.83
1142207.83
1141788.54
1140288.46
1140288.46
1138264.87
1138259.06
1138259.06
1139269.75
1138493.70
1138493.70
1137859.54
1137430.79
1137430.79
1142464.48
1131654.41
1131654.41
1131654.41
1131654.41
1135626.50
1133104.26
1140539.26
1140539.26
1141393.57
1138739.84
1137032.38
1137032.38
1133830.00
1133830.00
1133830.00
1140603.71
1140713.18
1134872.44
1134872.44
1138776.88
1141426.22
1141834.25
1136807.05
1139511.91
1139511.91
1139644.05
1139644.05
1141264.81
1141264.81
1144115.36
1143445.25
1148609.20
1139557.30
1139557.30
1150090.08
1147855.69
1147788.44
1147788.44
1148126.31
1148126.31
1140209.48
1146186.18
1146186.18
1146186.18
1147929.24
1147376.43
1147376.43
1147376.43
1145418.10
1145418.10
1139429.46
1138788.77
1136833.09
1136833.09
1144042.00
1143162.48
1143162.48
1143052.09
1136818.00
1137796.15
1137796.15
1137796.15
1137796.15
1143621.64
1141615.40
1143857.61
1145437.62
1140820.16
1140820.16
1143063.12
1143242.57
1144423.94
1141486.75
1141486.75
1141486.75
1143868.57
1142624.50
1143868.57
1139606.70
1144782.01
1140934.13
1140934.13
1140934.13
1144788.59
1137789.94
1137789.94
1140297.10
1137833.32
1139118.42
1139144.21
1140183.60
1137229.96
1137229.96
1140470.83
1136079.90
1136079.90
1136079.90
1139838.91
1143185.27
1141289.39
1141107.91
1141107.91
1139826.46
1144341.59
1144710.50
1144710.50
1144420.49
1144420.49
1144420.49
1140823.58
1141933.53
1144467.78
1134885.08
1137532.30
1137532.30
1136491.48
1137532.30
1138324.11
1138911.97
1144147.01
1140292.53
1139121.97
1146347.95
1142047.74
1142047.74
1143871.74
1140234.47
1140234.47
1139377.74
1139393.03
1144208.84
1143891.08
1143312.59
1141359.42
1138885.85
1141668.97
1141668.97
1141668.97
1137302.00
1141250.60
1139998.19
1139998.19
1142115.35
1137875.70
1142979.81
1140925.85
1140925.85
1140925.85
1143382.46
1137456.95
1137456.95
1131101.96
1131299.14
1140021.19
1142407.61
1142393.72
1130362.02
1139129.51
1140410.27
1137021.08
1141506.44
1136590.57
1137599.39
1139254.26
1138456.75
1137111.40
1138067.35
1136933.48
1138037.19
1138037.19
1141585.02
1139061.64
1131307.04
1132531.73
1132531.73
1129253.55
1134536.04
1134536.04
1134536.04
1134536.04
1132395.00
1132395.00
1135187.89
1139670.33
1129874.63
1129874.63
1129874.63
1132752.30
1132878.83
1132430.23
1132430.23
1132430.23
1120163.04
1125901.86
1125901.86
1128728.61
1128728.61
1128586.07
1128636.89
1129513.20
1127381.11
1127255.12
1123725.23
1123725.23
1125749.10
1129048.93
1128864.68
1127448.60
1125481.13
1125040.30
1125040.30
1124598.58
1125252.11
1125861.95
1125634.00
1125861.95
1125438.62
1124831.65
1124831.65
1119835.35
1127467.22
1124888.73
1124888.73
1122543.70
1119901.53
1119468.32
1125732.92
1125362.97
1123046.03
1123046.03
1118488.73
1122668.63
1123046.03
1123277.56
1123508.47
1126443.28
1126443.28
1126443.28
1131126.01
1127246.51
1124230.86
1124277.14
1124277.14
1124277.14
1124277.14
1125135.22
1125919.33
1128880.45
1125586.05
1118285.74
1125286.61
1125286.61
1128680.49
1124818.51
1130736.13
1131294.76
1129860.59
1129860.59
1127104.91
1127104.91
1127104.91
1130414.44
1134651.45
1129942.25
1129023.79
1129023.79
1127189.44
1129872.90
1129076.27
1137092.42
1128961.48
1136174.31
1132635.42
1132635.42
1129563.89
1127218.63
1129867.50
precedence
5510190.44
5510190.44
5511415.88
5516804.88
5510051.88
5506789.94
5509584.61
5512369.45
5510393.27
5513171.51
5519080.65
5521242.93
5520601.43
5522218.17
5501662.45
5509146.87
5514050.28
5507814.90
5511676.64
5506681.74
5505637.21
5505637.21
5505637.21
5513084.03
5516595.52
5525585.75
5507983.18
5513805.48
5513805.48
5504751.00
5508719.17
5503862.19
5497708.26
5502378.06
5502378.06
5513611.88
5513611.88
5509054.12
5513611.88
5513611.88
5512439.86
5507626.94
5507626.94
5504390.62
5512460.24
5512460.24
5514158.01
5484731.96
5484731.96
5484731.96
5499534.17
5499534.17
5486153.67
5508161.81
5515764.81
5512567.60
5489127.15
5495646.86
5485802.11
5495646.86
5493758.68
5493758.68
5493758.68
5505388.43
5502889.40
5514411.77
5513681.96
5502406.87
5506390.63
5506390.63
5493115.17
5489358.50
5493115.17
5483184.58
5497111.85
5497111.85
5496702.07
5494705.73
5507110.04
5499368.56
5499368.56
5508921.57
5511902.51
5495657.00
5495657.00
5509113.03
5509379.53
5500293.09
5509396.72
5501590.45
5488793.67
5488793.67
5488793.67
5488793.67
5504627.14
5504444.59
5473196.07
5488283.78
5488283.78
5488283.78
5488283.78
5488283.78
5488283.78
5504837.32
5504837.32
5504463.57
5488749.39
5488749.39
5491763.11
5467954.53
5467954.53
5467954.53
5492430.70
5492430.70
5481162.72
5480320.54
5481162.72
5481162.72
5481162.72
5481162.72
5498630.38
5501201.69
5498547.04
5504423.60
5495392.11
5485995.54
5485995.54
5488864.89
5478449.00
5495035.94
5490541.18
5495138.63
5495547.62
5493716.50
5497030.48
5497030.48
5489881.12
5489881.12
5489881.12
5494214.10
5500077.40
5500077.40
5496509.89
5494774.01
5501864.39
5509179.51
5491729.70
5499500.41
5503806.86
5504585.95
5502079.60
5480389.62
5480389.62
5480389.62
5480389.62
5480389.62
5480389.62
5480389.62
5487872.98
5487872.98
5487872.98
5487872.98
5480018.02
5489846.06
5495205.34
5490370.82
5490370.82
5481803.27
5480339.08
5483840.82
5492769.90
5494994.31
5490055.23
5490055.23
5498994.60
5498994.60
5493873.83
5493873.83
5493873.83
5491806.39
5491806.39
5491806.39
5501521.57
5490313.55
5490313.55
5485170.86
5477468.11
5477468.11
5477468.11
5489971.04
5492759.46
5490527.45
5473934.91
5473934.91
5485535.51
5485535.51
5485535.51
5479628.35
5493230.76
5491037.17
5491619.55
5493175.98
5493175.98
5493891.33
5493891.33
5488380.86
5493891.33
5493891.33
5488158.88
5485535.01
5482867.95
5471679.06
5473661.66
5482867.95
5482867.95
5489191.44
5462306.59
5488332.44
5489727.45
5491490.20
5487324.59
5491987.38
5479099.56
5481025.73
5471003.61
5495017.61
5486357.76
5470265.64
5470265.64
5470265.64
5470265.64
5466508.50
5466508.50
5464658.67
5470322.83
5474017.94
5474017.94
5474017.94
5479653.16
5478541.70
5471945.45
5471945.45
5477412.98
5461143.62
5461143.62
5462995.03
5469179.16
5477804.47
5477804.47
5475178.77
5475178.77
5491680.09
5491680.09
5491680.09
5476619.34
5476619.34
5490305.66
5490305.66
5487293.13
5487293.13
5483232.61
5490115.69
5486128.69
5470968.38
5494822.72
5494822.72
5494822.72
5484947.40
5484947.40
5493132.64
5485237.22
5484383.57
5491403.86
5488589.47
5482616.34
5478976.47
5478976.47
5478976.47
5478976.47
5478976.47
5478976.47
5484852.61
5484852.61
5504246.34
5492799.22
5492799.22
5492799.22
5490555.31
5492337.09
5498548.93
5494305.74
5479915.35
5479915.35
5485693.07
5462650.90
5462650.90
5496472.82
5496472.82
5499826.00
5503610.72
5506724.57
5491534.47
5478568.18
5482157.07
5487774.50
5487774.50
5487774.50
5487774.50
5499592.93
5484432.20
5486611.25
5491164.22
5507125.67
5499567.11
5499567.11
5499567.11
5499567.11
5502364.06
5511679.18
5490108.64
5507998.33
5510891.05
5503046.26
5503046.26
5503046.26
5503935.19
5503935.19
5510254.95
5507031.06
5501767.29
5496012.81
5489078.56
5489078.56
5489078.56
5495072.47
5495072.47
5495072.47
5506604.47
5493295.56
5493295.56
5493295.56
5494585.69
5494585.69
5487707.74
5487707.74
5491946.65
5498402.07
5498402.07
5498682.96
5504407.65
5504407.65
5500399.59
5461548.89
5461548.89
5461548.89
5461548.89
5496358.16
5496358.16
5502179.70
5492742.87
5492742.87
5503433.57
5491055.23
5491055.23
5491055.23
5496954.54
5496954.54
5496954.54
5501508.16
5492215.08
5492215.08
5498529.34
5508648.98
5508648.98
5503413.43
5508120.69
5499746.05
5495937.04
5495937.04
5495937.04
5503425.83
5502737.92
5500666.03
5501021.57
5501021.57
5502833.29
5492306.90
5492306.90
5510043.28
5507927.29
5505069.20
5507927.29
5513456.96
5503924.14
5503924.14
5494185.81
5516119.86
5511811.26
5510228.40
5485902.09
5485902.09
5508089.94
5509914.13
5507208.27
5492402.94
5492402.94
5492402.94
5495960.30
5495960.30
5495960.30
5504847.81
5497933.67
5498993.05
5490314.41
5490314.41
5498101.00
5498101.00
5494960.06
5494960.06
5493754.77
5490554.86
5490554.86
5478474.79
5490057.80
5477487.30
5477487.30
5477694.87
5477382.85
5473116.67
5483082.23
5479553.59
5479338.68
5479338.68
5479338.68
5477525.26
5477525.26
5477525.26
5472532.54
5474111.50
5474111.50
5474111.50
5477137.35
5488261.37
5487966.76
5477904.66
5459158.23
5459158.23
5459158.23
5459158.23
5459158.23
5486285.28
5483402.02
5486285.28
5497632.45
5489247.20
5504045.82
5496708.18
5496708.18
5496708.18
5496708.18
5492942.74
5496708.18
5497827.89
5497827.89
5498963.06
5498963.06
5504123.61
5501921.30
5481177.48
5481177.48
5500315.61
5484799.82
5484799.82
5484799.82
5484799.82
5491431.95
5496413.39
5473583.27
5495650.58
5499607.01
5499607.01
5499607.01
5491599.13
5491599.13
5491599.13
5491599.13
5496358.50
5496358.50
5489966.81
5489637.00
5479668.25
5479668.25
5481295.71
5479786.43
5487467.56
5487467.56
5502919.16
5490889.72
5481273.76
5481273.76
5501153.80
5493473.19
5498082.35
5492087.26
5492087.26
5501760.12
5490673.99
5495579.73
5487526.65
5487526.65
5488394.73
5488394.73
5488394.73
5488394.73
5488394.73
5499177.85
5499177.85
5498278.08
5498278.08
5485031.55
5484516.30
5500346.10
5491304.15
5491304.15
5485145.33
5478578.56
5485145.33
5492011.56
5492011.56
5492620.36
5491868.10
5489738.76
5489738.76
5483062.72
5500533.72
5505281.47
5498872.83
5497279.74
5491201.92
5496782.00
5498408.39
5494355.33
5478391.47
5488030.71
5488030.71
5487977.84
5494176.58
5494176.58
5493791.54
5493791.54
5493791.54
5504290.95
5495645.07
5480783.88
5485685.38
5485685.38
5485211.06
5485211.06
5485211.06
5495157.35
5495157.35
5487055.36
5495157.35
5490196.98
5490196.98
5490196.98
5490196.98
5490196.98
5490196.98
5490196.98
5501848.16
5498453.07
5498453.07
5508763.94
5503166.38
5514991.72
5512514.17
5514219.26
5501164.68
5513956.12
5513956.12
5519560.07
5504176.71
5504176.71
5512160.50
5506890.46
5504247.69
5502520.50
5502520.50
5511928.38
5510444.07
5511410.47
5511410.47
5501354.76
5513723.97
5502732.01
5502732.01
5499952.26
5497999.81
5499952.26
5499952.26
5504444.03
5489432.52
5489432.52
5490965.12
5490965.12
5503951.64
5494798.48
5482306.68
5488110.99
5488110.99
5488110.99
5488110.99
5508285.57
5502106.93
5503852.61
5507089.50
5498128.40
5498128.40
5504041.58
5476093.02
5496278.28
5496278.28
5496278.28
5492310.90
5492310.90
5492310.90
5492310.90
5495121.51
5500243.86
5502950.53
5502950.53
5502950.53
5494780.89
5494780.89
5494780.89
5493929.51
5493929.51
5481206.21
5474447.11
5490672.01
5502619.81
5502619.81
5487155.69
5503496.04
5502512.20
5478211.37
5478211.37
5499391.90
5492386.89
5492386.89
5497894.19
5466606.19
5503196.00
5503196.00
5503196.00
5501548.07
5494556.29
5494556.29
5480557.05
5480557.05
5493056.37
5485687.91
5497918.33
5490702.48
5490702.48
5493514.62
5493514.62
5493514.62
5485969.06
5485969.06
5488470.44
5493508.24
5491354.55
5497212.54
5497212.54
5498635.73
5484367.78
5493324.80
5493324.80
5493324.80
5493324.80
5484879.83
5484879.83
5497996.63
5497249.34
5480187.75
5480187.75
5486325.16
5486325.16
5497249.34
5499276.47
5498781.75
5495029.49
5504395.91
5505505.86
5495359.18
5493348.59
5493348.59
5497783.07
5501421.88
5479241.08
5479241.08
5479241.08
5479241.08
5479241.08
5499705.37
5492734.39
5500467.18
5494967.57
5485057.83
5485057.83
5478188.92
5478188.92
5484097.61
5484097.61
5488396.05
5494865.31
5493879.36
5497497.30
5490957.77
5488605.19
5498859.79
5498859.79
5500405.15
5500405.15
5490661.97
5500511.15
5505767.53
5488119.33
5488119.33
5476020.93
5476020.93
5476020.93
5496816.69
5497270.95
5497218.22
5497218.22
5494997.86
5488859.14
5488859.14
5488859.14
5488859.14
5494624.90
5500420.86
5499652.47
5502513.09
5501270.80
5501270.80
5499035.42
5499035.42
5501270.80
5493039.37
5492763.33
5497117.22
5493845.47
5493845.47
5481871.00
5481871.00
5493666.95
5490418.52
5475706.34
5475706.34
5481543.68
5493313.28
5493313.28
5493313.28
5492809.35
5492809.35
5481860.21
5477421.43
5477421.43
5477421.43
5477421.43
5481733.43
5481733.43
5486840.08
5494316.76
5481665.49
5468504.85
5476600.10
5476600.10
5487152.53
5487152.53
5487152.53
5487152.53
5489644.85
5489644.85
5488042.86
5488042.86
5488042.86
5466167.93
5483066.07
5488617.89
5478415.08
5476302.69
5476302.69
5476302.69
5489569.40
5489569.40
5481100.40
5481100.40
5487706.01
5471710.84
5471710.84
5471710.84
5486186.81
5489473.02
5481469.85
5489473.02
5498054.70
5498566.19
5486186.96
5486186.96
5486186.96
5486186.96
5486488.56
5493028.47
5493028.47
5493028.47
5491084.34
5492434.72
5501856.86
5492623.02
5492623.02
5501034.02
5497824.81
5497824.81
5483930.34
5483930.34
5490725.14
5490725.14
5490725.14
5501718.61
5506702.13
5501244.98
5503145.71
5487739.28
5487739.28
5492652.92
5490661.72
5498553.92
5497442.80
5492760.36
5480685.32
5495641.97
5495641.97
5493034.60
5490341.71
5490341.71
5487888.21
5487888.21
5497548.59
5491325.18
5493874.32
5493874.32
5493874.32
5503055.05
5478627.42
5478627.42
5478627.42
5490406.70
5483992.99
5483992.99
5483992.99
5492941.83
5478435.81
5484677.62
5479379.54
5479379.54
5479379.54
5489564.10
5489096.58
5489096.58
5495983.34
5492159.37
5489990.96
5478685.44
5478685.44
5478685.44
5502681.39
5485351.92
5485351.92
5466072.92
5487842.25
5490767.22
5480665.08
5506467.23
5500742.04
5498363.80
5496760.34
5494329.51
5494329.51
5492261.67
5486929.28
5486929.28
5498802.73
5480565.18
5489281.08
5491226.66
5475932.66
5475932.66
5475932.66
5490955.71
5489240.77
5488760.38
5480978.76
5488122.01
5491318.72
5485087.03
5489364.72
5496126.48
5465688.88
5465688.88
5465688.88
5465688.88
5495135.16
5475304.38
5481713.68
5481713.68
5493884.99
5470156.67
5492087.71
5485316.37
5485316.37
5472867.06
5472867.06
5493889.89
5498310.39
5488949.50
5488949.50
5501027.77
5501980.79
5495810.63
5495810.63
5501980.79
5490126.86
5490126.86
5508604.14
5496785.32
5495902.05
5495902.05
5495902.05
5511430.65
5505585.56
5502286.28
5511944.53
5515022.71
5498543.38
5495164.72
5492792.25
5492792.25
5501408.29
5501408.29
5478742.65
5489662.30
5500242.06
5492947.53
5493840.07
5487741.60
5487741.60
5502094.93
5499057.03
5499057.03
5511463.75
5506655.06
5496056.12
5493822.44
5493822.44
5500727.28
5505904.97
5505029.16
5514547.30
5517902.84
5509364.33
5502036.28
5502036.28
5496549.48
5504156.42
5504156.42
5496470.26
5496470.26
5496470.26
5503046.67
5499210.02
5515809.89
5501272.90
5487136.65
5487136.65
5498012.56
5499283.87
5478615.14
5508523.33
5492797.12
5490242.45
5490242.45
5490242.45
5490242.45
5490242.45
5491864.47
order
5497571.72
5504533.13
5493784.83
5492197.45
5482549.62
5480030.81
5475813.60
5476291.30
5463415.90
5465353.51
5456068.64
5456068.64
5451002.16
5453896.71
5449703.11
5451079.43
5451185.74
5449754.88
5434517.87
5433739.79
5437877.86
5436763.00
5424405.83
5419730.45
5419730.45
5424632.74
5432134.07
5427766.66
5420095.99
5399805.45
5408327.01
5400366.19
5400366.19
5400366.19
5417927.53
5405879.34
5407365.15
5407365.15
5405551.93
5407671.60
5397779.10
5404936.39
5404353.82
5403733.68
5421100.85
5405524.71
5405524.71
5398488.24
5406707.70
5406862.67
5402724.35
5394448.37
5405458.09
5407446.51
5395628.04
5395628.04
5395628.04
5401043.48
5402616.11
5398740.21
5400241.37
5396145.53
5399086.00
5395308.65
5392778.41
5391590.65
5390298.78
5385242.91
5382389.10
5381950.22
5387854.67
5383749.92
5382449.10
5385636.32
5381616.64
5380924.53
5374844.55
5380814.47
5378400.37
5368884.33
5357634.98
5375356.28
5370385.47
5370505.19
5362131.43
5362839.17
5357127.56
5361076.10
5355482.48
5349325.72
5354447.39
5348901.51
5348901.51
5351412.29
5343144.09
5343144.09
5351501.60
5349051.40
5345623.05
5341613.16
5345038.40
5338293.48
5340020.23
5333499.94
5335987.62
5318244.73
5335527.69
5335426.08
5331190.45
5334036.51
5323980.90
5329122.86
5329122.86
5330181.97
5330181.97
5330181.97
5309201.75
5323493.30
5320251.32
5312301.20
5312301.20
5312301.20
5313551.60
5312572.01
5313551.60
5312398.49
5312027.31
5305590.38
5295651.11
5295651.11
5298059.48
5291893.69
5302268.49
5300400.20
5295900.64
5295126.06
5294873.49
5289936.45
5277673.59
5277673.59
5282832.72
5282832.72
5286510.84
5286510.84
5279623.29
5282266.50
5280924.22
5276591.29
5278423.83
5278308.13
5277382.64
5272926.86
5277225.01
5277473.77
5275716.97
5270271.86
5270271.86
5264636.30
5270772.98
5270493.55
5265672.32
5268214.10
5271519.37
5269301.55
5266602.96
5262543.48
5262436.04
5257149.68
5257149.68
5265640.47
5257847.84
5244946.57
5257847.84
5257847.84
5256319.83
5253657.96
5253657.96
5253657.96
5251749.09
5250553.99
5254451.68
5258158.25
5250401.06
5249956.98
5258454.28
5257043.72
5256179.97
5251593.32
5250927.25
5250927.25
5250927.25
5247449.34
5249407.40
5244941.82
5246327.99
5244783.64
5240943.26
5232700.26
5232700.26
5239507.58
5242644.65
5241019.27
5240603.05
5232386.47
5232386.47
5234074.89
5232871.98
5232871.98
5232871.98
5230300.24
5230620.43
5230212.30
5231366.43
5225799.43
5225955.27
5221647.69
5218872.97
5225955.27
5225980.68
5225980.68
5225980.68
5224383.57
5218250.69
5219496.81
5220783.03
5220783.03
5220366.26
5220166.52
5219611.20
5219611.20
5217939.23
5215620.50
5211779.56
5211779.56
5218951.16
5213795.00
5219201.67
5219201.67
5215558.46
5216033.89
5214477.84
5216218.40
5211936.96
5206334.03
5214549.77
5209687.00
5217331.48
5211180.47
5209513.97
5209513.97
5210274.63
5205972.93
5205972.93
5205972.93
5205972.93
5204188.37
5208094.27
5209476.70
5206265.75
5210277.99
5202030.81
5205488.51
5207111.00
5207977.50
5204264.26
5205741.93
5192378.60
5204414.97
5203180.89
5203180.89
5201421.02
5201120.03
5202973.88
5195620.20
5194130.32
5194130.32
5197594.45
5192575.29
5201121.60
5196506.97
5196506.97
5196506.97
5196339.67
5199167.72
5195372.21
5192730.20
5196493.13
5196872.25
5195360.42
5195253.39
5195137.65
5194261.33
5194261.33
5192311.69
5195870.89
5198500.56
5194363.70
5194095.78
5193274.26
5193381.57
5196044.30
5194300.69
5190214.65
5190214.65
5192765.30
5191323.25
5184842.07
5184842.07
5184842.07
5184842.07
5183240.54
5184842.07
5186224.98
5184897.80
5184539.81
5186698.77
5186070.93
5186917.98
5186917.98
5187989.52
5182665.62
5176892.04
5183218.15
5183218.15
5174445.80
5178489.62
5179943.79
5179208.18
5183617.12
5183207.03
5179455.34
5179154.36
5182726.91
5179358.17
5179686.19
5173163.42
5175927.54
5175522.37
5173628.49
5173628.49
5173628.49
5173628.49
5171318.65
5171318.65
5167825.73
5167825.73
5170462.53
5170462.53
5173497.23
5174198.08
5177287.98
5173573.88
5163640.51
5163640.51
5163640.51
5168274.69
5169400.60
5171153.83
5169527.89
5173946.78
5166316.07
5174713.59
5171191.54
5163591.56
5169804.21
5169833.14
5167439.30
5167439.30
5168717.56
5167776.96
5163688.11
5150525.33
5164202.33
5164202.33
5163558.91
5157263.31
5157263.31
5163347.93
5159589.69
5158691.75
5156617.42
5159372.16
5151147.69
5159637.88
5162667.36
5160664.46
5159271.63
5158259.31
5160346.48
5159049.14
5161938.84
5153204.01
5162944.50
5157131.42
5153598.77
5153581.76
5154972.67
5152589.04
5152589.04
5152589.04
5152589.04
5151594.66
5151171.20
5151171.20
5151594.66
5151594.66
5153294.20
5148727.44
5148201.09
5149804.63
5153444.81
5148351.00
5152287.95
5153856.34
5155584.43
5148889.30
5148889.30
5148052.53
5148052.53
5153397.67
5150574.74
5154907.03
5146601.10
5146601.10
5146601.10
5147678.03
5149920.13
5152501.81
5145879.47
5145062.17
5142111.79
5147921.02
5151698.08
5143161.84
5148390.27
5150030.68
5146125.52
5146125.52
5139305.51
5147572.32
5142171.53
5147190.52
5144987.35
5142158.02
5143656.12
5140749.32
5137903.12
5139708.07
5139341.32
5141209.54
5141209.54
5140427.94
5131732.54
5129539.13
5136185.42
5135969.48
5136357.59
5136486.42
5135982.20
5131847.70
5129712.51
5129712.51
5134321.30
5134321.30
5129636.29
5129636.29
5129636.29
5129636.29
5123663.99
5123663.99
5129943.28
5130025.40
5129314.97
5127951.97
5124754.44
5122433.81
5124754.44
5123699.00
5128408.54
5127274.89
5124897.41
5126163.60
5128316.41
5126038.14
5126038.14
5126038.14
5121580.55
5121187.58
5122930.31
5123740.46
5118614.51
5122284.69
5118041.67
5118041.67
5119244.91
5120338.02
5121355.89
5114702.18
5118435.08
5113210.91
5118717.98
5117556.71
5113225.32
5115019.08
5115019.08
5118302.96
5113416.62
5110046.71
5109465.27
5108243.00
5114715.10
5113882.72
5110817.04
5104273.27
5107966.10
5101315.25
5108741.42
5105746.59
5102827.60
5100507.17
5100507.17
5104119.07
5104898.26
5104177.60
5102497.15
5101796.40
5097962.38
5099291.71
5103457.16
5101575.96
5098957.93
5099033.46
5095385.65
5098960.75
5100073.64
5100482.01
5099394.44
5095701.69
5095701.69
5091315.86
5091315.86
5091315.86
5092492.77
5089119.95
5089119.95
5089119.95
5089119.95
5094287.36
5091713.96
5087324.92
5091054.00
5088778.70
5083346.76
5088872.57
5078551.52
5084901.77
5081973.09
5083279.46
5078883.42
5072388.74
5074590.25
5074590.25
5079892.84
5085272.79
5075546.41
5075546.41
5075546.41
5075546.41
5070794.11
5079797.89
5078274.08
5081501.53
5078720.30
5077284.32
5077284.32
5072448.83
5067914.88
5073616.42
5075782.01
5071077.44
5073682.25
5073394.51
5073419.53
5077673.56
5077181.56
5076734.74
5073928.59
5071772.36
5072043.09
5075344.94
5070548.62
5073166.25
5064977.85
5064270.59
5064270.59
5074535.22
5071122.07
5074633.32
5071811.99
5070329.79
5067545.53
5067413.28
5070821.53
5070362.71
5071157.78
5064353.20
5068188.52
5066863.86
5065888.61
5064958.70
5061606.35
5061606.35
5065696.38
5066721.56
5056975.22
5064346.67
5057940.76
5057940.76
5053656.96
5056850.24
5056850.24
5056850.24
5058211.31
5055326.29
5058135.86
5051998.57
5055259.12
5049882.83
5053364.32
5048664.32
5048664.32
5047203.76
5047943.65
5048892.96
5046316.33
5045091.81
5048129.17
5043813.86
5043813.86
5041950.61
5041950.61
5043566.50
5035855.94
5036760.35
5043946.53
5043367.41
5043376.66
5041051.19
5038129.10
5038129.10
5041030.37
5039632.48
5042570.93
5037932.91
5038072.04
5040464.00
5039731.06
5039043.08
5039683.87
5038509.20
5043139.73
5037380.86
5035835.09
5037361.90
5037361.90
5037361.90
5036534.05
5037361.90
5039612.95
5038192.04
5038192.04
5037054.98
5036380.92
5036380.92
5035327.81
5035327.81
5034356.78
5030212.09
5030538.07
5030538.07
5023371.40
5030039.99
5030039.99
5032401.65
5032892.16
5031797.33
5020980.98
5020980.98
5024103.57
5031301.70
5029658.84
5018754.37
5025378.31
5023491.91
5022112.03
5030974.50
5030974.50
5021320.68
5021320.68
5020502.49
5021320.68
5028825.24
5031594.50
5027111.67
5024942.73
5024942.73
5022749.15
5028352.33
5025886.41
5022532.53
5022532.53
5022532.53
5026782.00
5025860.65
5025860.65
5027077.75
5026487.06
5025983.49
5023735.82
5026930.62
5020901.09
5019425.49
5014953.77
5020486.09
5015610.16
5026487.66
5026573.25
5025398.04
5014201.93
5020256.58
5020256.58
5020395.36
5009230.69
5018218.63
5018043.07
5016422.49
5018043.07
5018043.07
5018043.07
5014237.78
5014237.78
5019969.68
5019692.01
5015509.73
5015279.46
5013264.88
5019315.54
5014144.04
5005937.18
5005937.18
5014233.96
5009057.99
5009057.99
5011697.30
5009739.25
5009737.25
5004010.11
5012667.27
5012667.27
5010131.28
5010117.67
5013987.71
5010998.84
5010947.18
5010397.43
5015177.33
5006746.08
5006746.08
5002412.83
5006421.83
5006319.94
5006319.94
4990940.37
4990940.37
5008154.43
5007871.65
5003903.43
5001856.68
5006510.88
5009099.13
5005174.03
5004464.64
5002715.48
5000160.50
5000160.50
4997651.91
4998334.12
4998434.50
4998434.50
4994726.14
4996350.93
4990886.96
4994989.67
4990779.70
4997408.04
4994214.32
4990650.57
4993078.11
4992711.83
4995962.85
4992057.71
4992057.71
4990053.22
4992057.71
4990966.63
4993408.79
4987411.98
4987411.98
4992248.54
4988861.16
4988106.40
4987947.00
4986254.61
4986254.61
4985117.91
4984311.49
4984311.49
4986445.72
4986319.66
4986319.66
4987690.92
4987690.92
4982912.56
4979646.00
4987111.98
4987519.47
4987519.47
4983163.97
4985772.40
4986083.36
4977461.94
4978328.21
4976243.42
4979549.08
4982008.96
4978859.95
4978911.67
4986661.03
4981374.58
4981379.14
4981458.61
4981887.15
4975663.79
4975663.79
4978873.64
4976348.96
4975503.41
4980339.65
4978527.53
4976733.71
4971623.18
4971623.18
4970237.19
4977204.72
4960378.58
4960378.58
4960378.58
4960378.58
4968301.17
4970479.14
4976882.66
4972161.34
4976904.37
4978303.02
4978303.02
4978138.91
4980109.02
4972309.89
4972309.89
4972309.89
4972309.89
4972309.89
4973068.53
4972018.28
4962418.26
4973068.53
4973756.57
4970376.09
4970376.09
4971271.87
4972691.11
4972691.11
4973780.01
4973442.58
4968761.30
4970636.61
4970636.61
4970829.00
4973305.84
4975128.53
4968279.22
4967946.22
4964832.74
4964832.74
4966874.83
4965662.29
4965662.29
4965662.29
4966136.68
4964322.87
4966146.79
4963601.34
4963601.34
4960338.28
4960338.28
4969308.04
4968026.96
4960980.61
4965920.79
4965920.79
4962241.52
4962360.73
4962360.73
4963120.58
4960516.26
4960516.26
4966869.57
4948748.41
4949871.94
4968436.38
4958633.03
4964234.18
4958505.78
4965950.23
4960641.94
4962224.97
4958959.62
4958737.19
4958033.07
4963565.38
4962288.90
4962288.90
4962288.90
4958586.37
4960645.15
4955444.47
4955444.47
4961175.30
4951569.08
4957983.28
4963092.61
4956833.77
4963030.73
4955090.50
4953814.90
4955892.93
4949503.47
4951426.82
4951426.82
4959824.19
4957451.63
4957451.63
4964533.11
4962310.21
4958278.32
4960026.03
4960324.64
4958603.52
4955809.85
4959470.66
4957240.86
4954831.43
4955144.90
4954019.30
4952884.57
4954353.62
4953842.82
4955027.02
4952887.31
4948400.64
4945825.99
4946383.62
4945227.37
4945227.37
4945227.37
4945227.37
4945227.37
4946060.21
4944466.95
4935934.51
4935934.51
4945024.29
4939765.76
4939765.76
4943229.09
4936813.99
4940783.34
4937703.67
4939537.17
4939537.17
4944707.07
4937612.12
4937612.12
4938577.00
4932220.20
4943709.26
4935505.35
4932780.82
4935040.52
4936432.86
cycle
5506109.13
5508849.36
5493964.33
5493964.33
5477366.79
5477366.79
5483804.82
5492444.10
5478362.24
5478362.24
5478362.24
5478362.24
5487438.91
5477964.95
5484637.85
5484637.85
5474337.28
5474337.28
5472712.47
5474471.88
5450705.06
5450939.90
5450939.90
5442721.10
5458391.20
5454031.66
5445327.64
5446231.32
5441302.10
5423109.38
5423109.38
5426386.09
5426386.09
5420231.53
5420231.53
5419727.00
5419447.07
5405990.00
5405990.00
5403068.90
5403068.90
5402839.18
5398223.76
5396594.86
5396594.86
5389422.26
5389422.26
5383753.15
5377140.45
5377140.45
5375946.70
5348564.07
5348564.07
5348564.07
5348564.07
5348564.07
5348564.07
5347739.78
5346701.81
5346701.81
5343723.57
5340943.72
5340943.72
5340827.25
5340827.25
5337212.68
5324515.97
5324515.97
5324515.97
5324515.97
5324515.97
5323667.10
5323667.10
5324515.97
5324515.97
5323876.57
5324515.97
5324515.97
5324515.97
5324515.97
5324515.97
5324515.97
5324515.97
5324515.97
5324515.97
5324515.97
5324515.97
5324515.97
5324515.97
5324057.63
5324057.63
5322085.40
5322085.40
5322085.40
5322085.40
5322085.40
5322085.40
5322085.40
5321823.36
5321823.36
5321631.29
5321439.35
5320443.84
5320443.84
5320443.84
5320443.84
5320443.84
5320443.84
5320315.52
5320315.52
5320315.52
5320315.52
5320443.84
5320443.84
5320443.84
5320443.84
5320443.84
5320443.84
5320443.84
5320443.84
5320443.84
5320443.84
5320443.84
5320443.84
5320443.84
5320443.84
5320443.84
5320443.84
5320443.84
5320443.84
5320443.84
5320443.84
5320443.84
5320443.84
5320443.84
5320443.84
5320443.84
5320443.84
5320443.84
5320443.84
5320443.84
5320443.84
5320443.84
5320443.84
5320443.84
5320443.84
5320443.84
5320443.84
5318993.31
5318993.31
5318993.31
5318993.31
5318993.31
5318600.82
5318600.82
5318600.82
5318600.82
5318600.82
5318600.82
5317908.74
5317908.74
5317908.74
5317908.74
5317908.74
5317908.74
5316549.42
5316549.42
5316549.42
5316549.42
5316549.42
5316549.42
5316549.42
5316549.42
5316549.42
5316549.42
5316549.42
5316549.42
5316549.42
5316549.42
5316549.42
5316549.42
5316549.42
5316549.42
5316549.42
5316549.42
5316549.42
5316549.42
5316549.42
5316549.42
5316549.42
5316549.42
5315492.65
5315492.65
5315492.65
5315492.65
5315492.65
5315492.65
5314282.43
5314282.43
5314282.43
5314282.43
5314282.43
5314282.43
5314282.43
5314282.43
5314282.43
5314282.43
5314282.43
5314282.43
5314282.43
5314282.43
5314282.43
5314282.43
5314282.43
5314282.43
5314282.43
5314282.43
5314282.43
5314282.43
5314282.43
5314282.43
5314282.43
5314282.43
5314282.43
5314282.43
5314282.43
5314282.43
5314282.43
5314282.43
5314282.43
5314282.43
5314282.43
5314282.43
5314282.43
5314282.43
5314282.43
5314282.43
5314282.43
5314282.43
5314282.43
5314282.43
5314282.43
5314282.43
5314282.43
5314282.43
5314282.43
5314282.43
5314282.43
5314282.43
5314149.20
5314149.20
5314149.20
5314149.20
5314149.20
5313728.28
5313728.28
5313728.28
5313243.84
5313243.84
5313243.84
5313243.84
5313071.77
5312370.34
5311488.14
5311488.14
5311488.14
5311488.14
5311488.14
5311102.77
5310359.85
5310359.85
5310359.85
5309928.12
5309928.12
5309928.12
5309751.28
5309575.16
5309751.28
5309198.18
5309198.18
5309198.18
5309198.18
5309198.18
5308975.32
5308975.32
5308458.32
5308458.32
5308458.32
5306854.70
5307786.44
5307786.44
5307786.44
5307786.44
5307786.44
5306676.59
5306676.59
5305636.29
5305636.29
5305636.29
5305636.29
5305439.44
5305439.44
5304446.89
5304446.89
5304446.89
5303662.12
5303662.12
5303662.12
5304446.89
5304446.89
5304446.89
5304446.89
5304446.89
5304446.89
5304446.89
5304446.89
5304446.89
5304446.89
5304446.89
5304446.89
5304446.89
5304446.89
5304446.89
5304446.89
5304446.89
5304446.89
5304446.89
5304446.89
5304446.89
5304446.89
5304446.89
5304446.89
5304446.89
5304446.89
5304446.89
5304446.89
5304446.89
5304446.89
5304446.89
5304446.89
5304446.89
5304446.89
5304446.89
5304446.89
5304446.89
5304446.89
5303768.87
5303768.87
5304446.89
5304446.89
5304446.89
5304446.89
5304446.89
5304446.89
5304446.89
5304446.89
5304446.89
5304446.89
5304446.89
5304446.89
5304446.89
5304446.89
5304446.89
5304446.89
5304446.89
5304446.89
5303971.14
5303971.14
5303971.14
5303622.49
5303622.49
5303622.49
5302664.40
5302590.16
5302120.71
5301532.63
5301532.63
5301029.02
5301029.02
5301029.02
5301029.02
5301029.02
5301029.02
5301019.26
5300242.84
5300242.84
5300242.84
5300242.84
5300242.84
5300242.84
5300242.84
5300242.84
5300242.84
5300242.84
5300242.84
5300242.84
5300242.84
5300242.84
5298319.12
5299825.56
5299825.56
5299825.56
5299825.56
5299825.56
5299376.00
5299376.00
5299825.56
5299825.56
5299825.56
5299825.56
5299825.56
5299825.56
5299825.56
5299825.56
5299825.56
5299825.56
5299825.56
5299825.56
5299825.56
5299825.56
5299825.56
5299825.56
5299825.56
5299825.56
5299825.56
5298893.01
5298893.01
5298893.01
5298893.01
5298893.01
5298893.01
5298893.01
5298893.01
5298893.01
5298893.01
5298893.01
5298893.01
5298893.01
5298893.01
5298535.28
5298535.28
5298535.28
5298535.28
5298535.28
5298535.28
5298535.28
5298535.28
5298535.28
5298535.28
5298535.28
5298535.28
5298535.28
5298535.28
5298535.28
5298535.28
5298535.28
5298535.28
5298535.28
5298535.28
5298535.28
5298535.28
5298535.28
5298535.28
5298535.28
5298535.28
5296617.50
5296617.50
5296617.50
5296617.50
5296617.50
5296617.50
5296617.50
5296617.50
5295794.53
5295794.53
5295794.53
5295794.53
5295794.53
5295794.53
5295794.53
5295794.53
5295794.53
5295794.53
5295794.53
5295794.53
5295794.53
5294831.44
5294831.44
5294831.44
5294477.14
5294477.14
5294551.72
5293894.25
5293894.25
5293894.25
5293894.25
5293894.25
5293894.25
5293894.25
5293325.67
5293325.67
5293325.67
5293325.67
5293325.67
5293325.67
5293325.67
5293325.67
5293325.67
5293325.67
5293325.67
5293325.67
5293325.67
5293325.67
5293325.67
5293325.67
5293325.67
5293325.67
5293325.67
5293325.67
5293295.56
5293295.56
5293295.56
5293295.56
5293295.56
5293295.56
5292557.43
5292557.43
5292557.43
5292557.43
5292557.43
5292318.27
5292318.27
5291885.76
5291885.76
5291885.76
5291885.76
5291885.76
5291885.76
5291885.76
5291885.76
5291885.76
5291885.76
5291885.76
5291885.76
5291885.76
5291885.76
5291885.76
5291885.76
5291885.76
5291885.76
5291885.76
5291885.76
5291885.76
5291885.76
5291885.76
5291885.76
5291885.76
5291885.76
5291885.76
5291885.76
5291885.76
5291885.76
5291885.76
5291885.76
5291885.76
5291885.76
5291885.76
5291885.76
5291885.76
5291885.76
5291885.76
5291885.76
5291885.76
5291885.76
5291885.76
5291885.76
5291627.26
5291627.26
5291627.26
5291627.26
5291627.26
5291627.26
5291627.26
5291627.26
5291627.26
5291627.26
5291627.26
5291627.26
5291627.26
5291627.26
5291202.42
5291202.42
5291202.42
5291202.42
5291202.42
5291202.42
5291202.42
5291202.42
5291010.98
5289870.80
5289870.80
5289870.80
5289870.80
5289870.80
5289870.80
5289870.80
5289870.80
5289870.80
5289870.80
5289870.80
5289870.80
5289870.80
5289870.80
5289870.80
5289870.80
5289870.80
5289870.80
5289870.80
5289505.79
5289505.79
5289505.79
5289505.79
5289505.79
5289369.00
5289369.00
5289369.00
5289369.00
5289369.00
5289369.00
5289369.00
5289369.00
5289369.00
5289369.00
5289369.00
5289369.00
5289369.00
5289369.00
5289369.00
5289369.00
5288584.11
5288584.11
5288584.11
5288584.11
5288584.11
5287112.23
5287112.23
5287112.23
5287112.23
5287112.23
5287112.23
5287112.23
5287112.23
5287112.23
5287112.23
5287112.23
5287112.23
5286706.45
5286706.45
5286706.45
5286706.45
5286706.45
5286706.45
5286706.45
5286706.45
5286706.45
5286706.45
5286706.45
5286706.45
5286706.45
5286706.45
5286706.45
5286706.45
5286706.45
5286706.45
5286706.45
5286706.45
5286587.80
5286706.45
5286706.45
5286706.45
5286706.45
5286706.45
5286706.45
5286706.45
5286706.45
5286706.45
5286706.45
5286706.45
5286706.45
5286706.45
5286706.45
5286706.45
5286706.45
5286706.45
5286706.45
5286706.45
5286706.45
5286706.45
5286706.45
5286706.45
5286706.45
5286706.45
5286706.45
5286706.45
5286706.45
5286706.45
5286706.45
5286706.45
5286706.45
5286706.45
5286706.45
5286706.45
5286706.45
5286706.45
5286706.45
5285164.52
5285164.52
5285164.52
5285164.52
5285164.52
5286706.45
5286706.45
5286706.45
5286706.45
5286706.45
5286706.45
5286706.45
5286706.45
5286706.45
5286706.45
5286706.45
5286706.45
5286706.45
5286706.45
5286706.45
5286706.45
5286706.45
5286706.45
5286706.45
5286706.45
5286706.45
5286706.45
5286706.45
5286706.45
5286706.45
5286706.45
5286706.45
5286706.45
5286706.45
5286706.45
5286706.45
5286706.45
5286706.45
5286706.45
5286706.45
5286706.45
5286706.45
5286706.45
5286706.45
5286706.45
5286706.45
5286706.45
5286634.06
5286634.06
5286634.06
5286634.06
5286634.06
5286634.06
5286634.06
5286634.06
5286634.06
5286634.06
5286634.06
5286634.06
5286634.06
5286634.06
5286634.06
5286634.06
5285830.83
5285447.65
5285223.94
5285223.94
5285223.94
5285129.74
5285129.74
5285129.74
5285129.74
5285129.74
5285129.74
5285129.74
5285129.74
5285129.74
5285129.74
5285129.74
5285129.74
5285129.74
5285129.74
5285129.74
5285129.74
5285129.74
5285129.74
5285129.74
5285129.74
5285129.74
5285129.74
5285129.74
5285129.74
5285129.74
5285129.74
5285129.74
5285129.74
5285129.74
5285129.74
5285129.74
5285129.74
5285129.74
5285129.74
5285129.74
5285129.74
5285129.74
5285129.74
5285129.74
5285129.74
5285129.74
5285129.74
5285129.74
5285129.74
5285129.74
5285129.74
5285129.74
5285129.74
5285129.74
5285129.74
5285129.74
5285129.74
5285129.74
5285129.74
5285129.74
5285129.74
5285129.74
5285129.74
5285129.74
5285129.74
5285129.74
5285129.74
5285129.74
5285129.74
5285129.74
5285129.74
5285129.74
5285129.74
5285129.74
5285060.95
5285060.95
5285060.95
5285060.95
5284900.70
5284900.70
5284900.70
5284900.70
5284900.70
5284900.70
5284900.70
5284900.70
5284900.70
5284900.70
5284900.70
5284900.70
5284900.70
5284900.70
5284900.70
5284900.70
5284900.70
5284900.70
5284900.70
5284787.07
5284787.07
5284787.07
5284787.07
5284787.07
5284787.07
5284787.07
5284787.07
5284787.07
5284787.07
5284787.07
5284787.07
5284787.07
5284783.39
5284783.39
5284783.39
5284783.39
5284783.39
5284361.49
5284361.49
5284567.04
5283785.59
5283789.27
5283789.27
5283789.27
5283789.27
5283789.27
5283767.62
5283767.62
5283767.62
5283767.62
5283767.62
5283767.62
5283767.62
5283767.62
5283767.62
5283767.62
5283767.62
5283767.62
5283767.62
5283767.62
5283767.62
5283767.62
5283523.72
5283523.72
5283523.72
5283523.72
5283523.72
5282343.47
5282343.47
5282343.47
5282343.47
5282343.47
5282343.47
5282343.47
5282343.47
5282343.47
5282343.47
5282343.47
5282343.47
5282343.47
5282343.47
5282343.47
5282343.47
5282343.47
5282343.47
5282343.47
5282343.47
5282343.47
5282343.47
5282343.47
5282343.47
5282343.47
5282343.47
5282343.47
5282343.47
5282343.47
5282343.47
5282343.47
5282343.47
5282343.47
5282343.47
5282343.47
5282343.47
5282343.47
5282343.47
5282343.47
5282343.47
5282343.47
5282343.47
5282343.47
5282343.47
5282343.47
5282343.47
5282343.47
5282343.47
5282343.47
5282343.47
5282343.47
5282343.47
5282343.47
5282343.47
5280767.96
5280767.96
5280767.96
5280767.96
5280767.96
5280767.96
5280080.60
5280080.60
5280080.60
5280080.60
5280080.60
5280080.60
5280080.60
5280080.60
5280080.60
5280080.60
5280036.74
5280080.60
5280080.60
5280080.60
5280080.60
5280080.60
5280080.60
pm
5508722.99
5506347.90
5506175.01
5503256.63
5489220.28
5495650.50
5496159.77
5487606.62
5476311.39
5478038.80
5480703.65
5468915.28
5484377.00
5475364.20
5475364.20
5461864.61
5474589.41
5479663.96
5479663.96
5490256.61
5489739.38
5481049.55
5481789.56
5484076.95
5471577.56
5479745.64
5467368.85
5449564.74
5471852.27
5473567.55
5468600.59
5461819.31
5466212.69
5462144.26
5459311.32
5459311.32
5461553.99
5454841.06
5460677.07
5458779.76
5458779.76
5455602.70
5460401.02
5459831.43
5454567.15
5435353.71
5439316.46
5445414.23
5422403.46
5432379.95
5432379.95
5435805.29
5435805.29
5435991.80
5431342.23
5422659.49
5422659.49
5421934.18
5421934.18
5421711.95
5418607.12
5418159.92
5418997.33
5420339.74
5409911.86
5407446.83
5407017.29
5400320.13
5399584.94
5399584.94
5399584.94
5399584.94
5395631.50
5387463.90
5394526.53
5396986.03
5393936.42
5386702.96
5380879.08
5380879.08
5379747.65
5379747.65
5379466.14
5379581.19
5380186.36
5364066.59
5369651.49
5364945.28
5367452.31
5367875.86
5353882.01
5364260.25
5369277.32
5359224.67
5360292.92
5360433.41
5361791.79
5344828.00
5352466.85
5350202.42
5351925.84
5356842.07
5350552.95
5352654.81
5349751.97
5345689.42
5345667.14
5339741.92
5333875.42
5344882.81
5342072.37
5344503.16
5340088.20
5334771.14
5341657.28
5333173.30
5331598.63
5331598.63
5331598.63
5325204.64
5329653.57
5336202.89
5335171.24
5332146.96
5332411.13
5330143.05
5330734.43
5320395.00
5306580.57
5304948.41
5310178.74
5310178.74
5320174.67
5310816.29
5310816.29
5310816.29
5310816.29
5315544.03
5314251.85
5299096.62
5299096.62
5300241.74
5303060.97
5310269.13
5301523.82
5301523.82
5299829.37
5301052.97
5301052.97
5304865.07
5305226.41
5303965.58
5300410.71
5300410.71
5302955.54
5302602.45
5302602.45
5295727.60
5295727.60
5296123.29
5295314.53
5283104.82
5283104.82
5283104.82
5283104.82
5283104.82
5282644.21
5282644.21
5292567.19
5293380.10
5286272.80
5291312.26
5282330.08
5282330.08
5288275.87
5285451.03
5284796.33
5281474.12
5281474.12
5276812.58
5275730.89
5270258.24
5261194.59
5261194.59
5261194.59
5257699.95
5265983.88
5260957.21
5260957.21
5265983.88
5255610.65
5263346.90
5260034.16
5251840.70
5259984.74
5260917.17
5247239.56
5247239.56
5247239.56
5247239.56
5242577.76
5242577.76
5242577.76
5245001.39
5242976.07
5236392.29
5236392.29
5234259.78
5243908.45
5234575.38
5235486.99
5236334.41
5234745.87
5226203.77
5218022.76
5227946.00
5225994.81
5225544.09
5217137.52
5219845.82
5218171.63
5217577.92
5217343.60
5211890.23
5207984.12
5207984.12
5207720.96
5207484.96
5204672.33
5207984.12
5208546.58
5206125.48
5205839.07
5194971.75
5194971.75
5194971.75
5195444.30
5197896.62
5191612.67
5194178.71
5190745.69
5188912.32
5182949.59
5181139.93
5178290.83
5178382.02
5178382.02
5176024.97
5182775.51
5181059.68
5176679.32
5177629.58
5171817.12
5167812.70
5172022.06
5172022.06
5172022.06
5171891.93
5158445.08
5159516.65
5166898.80
5166898.80
5170146.58
5151244.41
5151244.41
5151244.41
5158477.95
5166217.68
5165027.14
5161498.32
5158896.40
5149002.87
5149002.87
5149002.87
5150862.41
5157546.65
5160977.08
5155256.13
5158152.88
5155547.27
5157090.67
5157090.67
5152669.03
5146323.17
5152338.60
5152058.76
5150780.49
5149789.23
5149789.23
5147507.30
5146120.71
5146120.71
5143082.86
5142592.63
5142306.69
5144104.98
5143634.20
5144437.17
5143207.75
5139038.51
5132652.14
5133161.47
5143421.67
5134048.90
5139982.64
5136542.37
5135528.45
5130721.47
5121238.67
5121238.67
5121238.67
5131312.15
5131262.43
5129141.13
5129146.81
5123220.45
5131106.59
5127127.11
5128158.35
5127925.10
5127530.43
5125769.15
5123174.63
5123174.63
5121534.22
5106197.24
5106052.10
5119791.53
5118598.43
5118598.43
5114196.96
5114196.96
5117196.12
5114836.29
5114836.29
5117997.20
5108044.53
5108011.81
5108011.81
5110508.41
5115685.57
5108032.54
5107628.05
5107628.05
5108612.24
5108612.24
5110590.03
5102742.38
5106762.58
5106964.59
5103139.42
5104756.72
5096540.68
5099814.59
5095798.53
5095798.53
5100883.55
5093987.86
5091599.93
5091599.93
5091599.93
5091599.93
5095580.20
5093195.90
5090589.58
5090355.48
5092505.59
5091028.59
5089425.17
5087878.61
5087129.44
5088922.53
5084774.27
5083768.77
5084668.10
5083378.18
5082884.17
5081256.47
5084071.95
5087306.70
5079250.92
5079250.92
5079460.10
5078392.92
5078392.92
5078843.18
5078843.18
5078843.18
5077784.81
5078650.56
5074205.68
5074205.68
5074205.68
5074205.68
5079573.09
5073741.50
5073741.50
5074821.84
5073643.47
5075569.74
5072271.93
5071718.53
5071718.53
5072867.09
5070404.84
5068407.30
5068059.31
5069375.64
5068313.19
5068491.46
5068491.46
5062948.50
5068386.10
5063715.09
5066257.98
5065765.32
5063552.31
5063398.75
5057875.35
5060547.40
5057476.39
5058189.63
5063041.31
5059124.87
5055555.10
5055555.10
5061215.68
5060326.90
5058027.94
5055570.01
5055659.98
5055719.21
5054932.27
5054046.28
5053286.12
5054046.28
5054012.56
5052186.21
5054629.96
5051440.37
5052456.47
5047257.59
5044300.51
5043093.76
5043093.76
5047873.31
5046526.30
5046299.80
5044714.34
5044421.62
5043833.98
5042176.56
5044541.65
5039407.27
5039407.27
5041155.32
5040923.09
5038511.31
5038511.31
5037620.68
5036813.43
5035720.60
5033156.09
5032019.40
5029972.13
5031503.80
5028741.53
5026416.63
5026416.63
5027178.11
5027435.02
5025241.31
5023240.79
5024281.59
5022274.98
5022029.41
5021000.33
5022009.57
5020977.05
5020662.93
5022210.13
5022327.53
5020185.31
5020243.02
5019779.14
5018312.37
5019043.29
5019043.29
5018266.52
5015626.34
5014304.51
5015377.62
5012644.36
5011712.19
5011909.95
5012644.36
5012910.51
5011654.95
5011171.93
5011171.93
5010852.37
5009067.79
5009067.79
5008915.67
5010371.64
5008140.69
5007913.32
5008621.52
5007327.12
5007559.79
5005658.10
5005658.10
5003752.02
5003752.02
5005231.68
5006404.15
5003937.87
5004420.88
5003486.93
5003333.10
5003126.60
5002129.24
5001559.85
5000665.14
5000665.14
4999689.24
4999689.24
5001518.56
5000715.20
4998655.70
4998092.43
5000079.56
4998384.15
4998379.53
4998379.53
4996453.46
4997661.09
4997661.09
4997661.09
4995281.85
4995250.77
4994929.98
4994929.98
4995036.86
4994743.60
4994488.71
4994552.76
4994472.19
4992853.45
4992802.96
4992802.96
4992496.56
4991388.58
4991734.21
4990514.97
4990865.49
4989243.93
4989243.93
4989243.93
4989725.31
4989725.31
4989663.37
4989663.37
4989663.37
4989663.37
4989663.37
4989077.85
4988965.17
4988315.73
4988315.73
4988315.73
4987781.95
4987817.40
4987603.71
4987064.33
4987064.33
4987064.33
4986261.17
4985220.87
4985220.87
4985220.87
4984992.83
4985220.87
4984943.11
4984818.81
4984759.39
4984317.87
4984180.15
4984385.85
4983903.51
4983917.12
4983962.90
4983453.57
4982519.34
4982519.34
4982519.34
4982889.41
4982844.73
4982551.97
4982551.97
4982266.53
4982070.30
4982070.30
4982070.30
4981875.83
4981330.26
4981273.69
4981151.72
4981158.88
4981158.88
4981200.28
4980991.05
4981027.35
4980936.47
4980688.13
4980679.17
4980780.66
4980487.93
4980325.16
4980325.16
4980311.11
4980165.04
4980116.00
4980097.27
4979864.26
4979947.99
4979727.81
4979641.24
4979641.24
4979152.24
4979152.24
4979152.24
4979315.15
4979110.84
4979055.40
4978869.97
4978638.73
4978638.73
4978638.73
4978638.73
4978638.73
4978606.29
4978606.29
4978606.29
4978499.96
4978499.96
4978499.96
4978499.96
4978499.96
4978499.96
4978499.96
4978499.96
4978499.96
4978499.96
4978499.96
4978499.96
4978499.96
4978499.96
4978499.96
4978499.96
4978499.96
4978499.96
4978499.96
4978499.96
4978499.96
4978499.96
4978499.96
4978499.96
4978499.96
4978499.96
4978499.96
4978499.96
4978499.96
4978499.96
4978499.96
4978499.96
4978499.96
4978499.96
4978499.96
4978499.96
4977030.59
4977030.59
4977030.59
4977030.59
4977030.59
4977030.59
4977030.59
4977030.59
4977030.59
4977030.59
4977030.59
4977030.59
4977030.59
4977030.59
4977030.59
4977030.59
4977030.59
4977030.59
4977030.59
4977030.59
4977030.59
4977030.59
4977030.59
4977030.59
4977030.59
4977030.59
4977030.59
4976629.87
4976629.87
4976629.87
4976629.87
4976629.87
4976629.87
4976629.87
4976629.87
4976629.87
4976629.87
4976629.87
4976629.87
4976629.87
4976629.87
4976629.87
4976629.87
4976629.87
4976629.87
4976629.87
4976629.87
4976629.87
4976629.87
4976629.87
4976629.87
4976629.87
4976629.87
4976629.87
4976629.87
4976629.87
4976629.87
4976629.87
4976629.87
4976629.87
4976629.87
4976629.87
4976629.87
4976629.87
4976629.87
4976629.87
4976629.87
4976629.87
4976629.87
4976629.87
4976629.87
4976629.87
4976629.87
4976629.87
4976629.87
4976629.87
4976629.87
4976629.87
4976629.87
4976611.94
4976611.94
4976611.94
4976611.94
4976611.94
4976611.94
4975830.31
4975830.31
4975830.31
4975830.31
4975830.31
4975830.31
4975830.31
4975830.31
4975830.31
4975830.31
4975830.31
4975830.31
4975830.31
4975830.31
4975830.31
4975830.31
4975830.31
4975830.31
4975830.31
4975830.31
4975830.31
4975830.31
4975830.31
4975830.31
4975830.31
4975830.31
4975830.31
4975830.31
4975830.31
4975830.31
4975830.31
4975830.31
4975830.31
4975830.31
4975830.31
4975830.31
4975830.31
4975830.31
4975830.31
4975830.31
4975830.31
4975830.31
4975830.31
4975830.31
4975830.31
4975830.31
4975830.31
4975830.31
4975830.31
4975830.31
4975830.31
4975830.31
4975830.31
4975830.31
4975830.31
4975830.31
4975830.31
4975830.31
4975830.31
4975830.31
4975830.31
4975830.31
4975830.31
4975830.31
4975830.31
4975830.31
4975830.31
4975830.31
4975830.31
4975830.31
4975830.31
4975830.31
4975830.31
4975830.31
4975830.31
4975830.31
4975830.31
4975830.31
4975830.31
4975830.31
4975830.31
4975830.31
4975830.31
4975830.31
4975830.31
4975830.31
4975830.31
4975830.31
4975830.31
4975830.31
4975830.31
4975830.31
4975830.31
4975830.31
4975830.31
4975830.31
4975830.31
4975830.31
4975830.31
4975830.31
4975830.31
4975830.31
4975830.31
4975830.31
4975830.31
4975830.31
4975830.31
4975830.31
4975830.31
4975830.31
4975830.31
4975830.31
4975830.31
4975830.31
4975830.31
4975830.31
4975830.31
4975830.31
4975830.31
4975830.31
4975830.31
4975830.31
4975830.31
4975830.31
4975830.31
4975830.31
4975830.31
4975830.31
4975751.95
4975751.95
4975751.95
4975751.95
4975751.95
4975751.95
4975751.95
4975751.95
4975751.95
4975751.95
4975751.95
4975751.95
4975751.95
4975751.95
4975751.95
4975751.95
4975626.04
4975626.04
4975626.04
4975626.04
4975626.04
4975626.04
4975626.04
4975626.04
4975626.04
4975626.04
4975626.04
4975626.04
4975626.04
4975626.04
4975626.04
4975626.04
4975626.04
4975626.04
4975626.04
4975626.04
4975626.04
4975626.04
4975626.04
4975626.04
4975626.04
4975626.04
4975626.04
4975626.04
4975626.04
4975626.04
4975626.04
4975626.04
4975626.04
4975626.04
4975626.04
4975626.04
4975626.04
4975626.04
4975626.04
4975626.04
4975626.04
4975626.04
4975626.04
4975626.04
4975626.04
4975626.04
4975626.04
4975626.04
4975626.04
4975626.04
4975626.04
4975626.04
4975626.04
4975626.04
4975626.04
4975626.04
4975626.04
4975626.04
4975626.04
4975626.04
4975626.04
4975626.04
4975626.04
4975626.04
4975626.04
4975626.04
4975626.04
4975626.04
4975626.04
4975626.04
4975626.04
4975626.04
4975626.04
4975626.04
4975626.04
4975626.04
4975626.04
4975626.04
4975626.04
4975626.04
4975626.04
4975626.04
4975626.04
4975626.04
4975626.04
4975626.04
4975626.04
4975626.04
4975626.04
4975626.04
4975626.04
