greedy
1395.64930
1195.90295
1012.24658
957.879613
970.935595
957.144408
937.308751
935.283373
932.044896
924.033490
938.870882
894.124871
894.158532
886.327876
883.129758
883.129758
896.849609
882.526643
882.526643
870.801884
882.526643
872.871218
872.871218
887.678059
887.678059
887.195643
887.678059
882.526643
882.526643
882.526643
882.533092
882.533092
882.533092
887.678059
885.199092
885.199092
885.199092
881.235620
872.871218
872.871218
885.199092
885.199092
872.871218
872.871218
872.871218
872.871218
885.199092
885.199092
885.199092
872.871218
885.199092
872.871218
872.871218
872.871218
868.279582
872.871218
868.279582
868.279582
868.279582
872.871218
872.871218
872.871218
872.871218
872.871218
885.199092
872.871218
872.871218
872.871218
872.871218
868.279582
885.199092
885.199092
885.199092
885.199092
885.199092
872.871218
883.401150
872.871218
883.401150
872.871218
872.871218
872.871218
872.871218
872.871218
872.871218
885.199092
872.871218
872.871218
872.871218
872.871218
872.871218
872.871218
872.871218
872.871218
872.871218
872.871218
872.871218
872.871218
872.871218
872.871218
872.871218
872.871218
872.871218
885.199092
872.871218
872.871218
872.871218
872.871218
872.871218
872.871218
872.871218
872.871218
872.871218
872.871218
872.871218
885.199092
885.199092
885.199092
885.199092
872.871218
872.871218
872.871218
872.871218
872.871218
872.871218
872.871218
872.871218
872.871218
872.871218
872.871218
872.871218
872.871218
872.871218
872.871218
872.871218
872.871218
872.871218
872.871218
872.871218
872.871218
872.871218
872.871218
872.871218
885.199092
872.871218
872.871218
872.871218
872.871218
872.871218
872.871218
872.871218
872.871218
872.871218
872.871218
872.871218
872.871218
872.871218
872.871218
872.871218
885.199092
872.871218
872.871218
872.871218
872.871218
872.871218
872.871218
872.871218
872.871218
872.871218
872.871218
885.199092
872.871218
872.871218
872.871218
872.871218
872.871218
872.871218
872.871218
872.871218
872.871218
872.871218
872.871218
872.871218
872.871218
868.809443
872.871218
872.871218
872.871218
872.871218
872.871218
872.871218
872.871218
872.871218
872.871218
872.871218
872.871218
872.871218
872.871218
885.199092
872.871218
872.871218
885.199092
872.871218
872.871218
872.871218
872.871218
872.871218
872.871218
872.871218
872.871218
872.871218
872.871218
872.871218
872.871218
872.871218
872.871218
881.226040
872.871218
872.871218
872.871218
872.871218
872.871218
872.871218
872.871218
872.871218
872.871218
872.871218
872.871218
872.871218
872.871218
872.871218
872.871218
872.871218
872.871218
885.199092
872.871218
872.871218
872.871218
872.871218
872.871218
872.871218
872.871218
872.871218
872.871218
872.871218
872.871218
885.199092
872.871218
872.871218
872.871218
872.871218
872.871218
872.871218
872.871218
872.871218
872.871218
872.871218
872.871218
872.871218
872.871218
872.871218
872.871218
872.871218
872.871218
872.871218
872.871218
872.871218
872.871218
872.871218
872.871218
872.871218
872.871218
872.871218
872.871218
872.871218
872.871218
872.871218
872.871218
872.871218
872.871218
872.871218
868.279582
872.871218
885.199092
872.871218
872.871218
872.871218
872.871218
872.871218
872.871218
872.871218
872.871218
872.871218
872.871218
872.871218
872.871218
872.871218
872.871218
872.871218
872.871218
872.871218
872.871218
872.871218
872.871218
872.871218
872.871218
872.871218
872.871218
872.871218
872.871218
872.871218
872.871218
885.199092
872.871218
872.871218
872.871218
872.871218
872.871218
872.871218
872.871218
872.871218
872.871218
872.871218
872.871218
872.871218
872.871218
872.871218
872.871218
872.871218
872.871218
872.871218
872.871218
872.871218
872.871218
862.305305
862.305305
862.305305
862.305305
862.305305
862.305305
849.977432
849.977432
862.305305
862.305305
862.305305
849.977432
849.977432
849.977432
849.977432
849.977432
849.977432
849.977432
849.977432
849.977432
849.977432
849.977432
849.977432
849.977432
849.977432
849.977432
849.977432
849.977432
849.977432
849.977432
849.977432
849.977432
849.977432
849.977432
849.977432
849.977432
849.977432
849.977432
862.305305
849.977432
849.977432
862.305305
849.977432
849.977432
849.977432
849.977432
849.977432
849.977432
849.977432
849.977432
849.977432
849.977432
849.977432
862.305305
862.305305
849.977432
849.977432
849.977432
849.977432
849.977432
849.977432
851.047359
849.977432
849.977432
862.305305
862.305305
862.305305
862.305305
849.977432
862.305305
862.305305
862.273132
849.977432
849.977432
849.977432
849.977432
849.977432
862.305305
862.305305
849.977432
849.977432
849.977432
849.977432
849.977432
849.977432
862.305305
849.977432
849.977432
849.977432
849.977432
849.977432
849.977432
849.977432
849.977432
849.977432
849.977432
849.977432
849.977432
849.977432
849.977432
849.977432
849.977432
849.977432
849.977432
849.977432
849.977432
849.977432
849.977432
849.977432
849.977432
849.977432
862.305305
849.977432
849.977432
849.977432
849.977432
862.305305
849.977432
849.977432
849.977432
849.977432
849.372339
849.977432
849.977432
849.977432
849.977432
849.977432
849.977432
849.977432
849.977432
849.977432
849.977432
849.977432
862.305305
849.977432
849.977432
862.305305
862.305305
849.977432
849.977432
849.977432
849.977432
849.977432
849.977432
849.977432
849.977432
849.977432
849.977432
849.977432
849.977432
849.977432
849.977432
849.977432
849.977432
849.977432
849.977432
849.977432
849.977432
849.977432
849.977432
849.977432
849.977432
849.977432
849.977432
849.977432
849.977432
849.977432
849.977432
849.977432
849.977432
849.977432
849.977432
849.977432
849.977432
849.977432
849.977432
849.977432
849.977432
849.977432
849.977432
849.977432
849.977432
849.977432
849.977432
849.977432
849.977432
862.305305
849.977432
849.977432
849.977432
849.977432
849.977432
849.977432
849.977432
849.977432
849.977432
849.977432
849.977432
862.305305
849.977432
849.977432
849.977432
849.977432
849.977432
849.977432
849.977432
849.977432
849.977432
849.977432
849.977432
849.977432
849.977432
849.977432
849.977432
849.977432
849.977432
849.977432
849.977432
849.977432
849.977432
849.977432
849.977432
849.977432
849.977432
849.977432
849.977432
849.977432
849.977432
849.977432
849.977432
849.977432
849.977432
849.977432
849.977432
849.977432
849.977432
849.977432
849.977432
849.977432
849.977432
849.977432
849.977432
849.977432
849.977432
849.977432
849.977432
849.977432
849.977432
849.977432
849.977432
849.977432
849.977432
849.977432
849.977432
844.685764
844.685764
844.685764
844.685764
849.977432
849.977432
849.977432
849.977432
849.977432
849.977432
849.977432
849.977432
849.977432
849.977432
849.977432
849.977432
849.977432
849.977432
849.977432
849.977432
849.977432
849.977432
849.977432
849.977432
849.977432
849.977432
849.977432
849.977432
849.977432
849.977432
849.977432
849.977432
849.977432
849.977432
849.977432
849.977432
849.977432
849.977432
849.977432
849.977432
849.977432
849.977432
849.977432
849.977432
849.977432
849.977432
849.977432
849.977432
849.977432
849.977432
849.977432
849.977432
849.977432
849.977432
849.977432
849.977432
849.977432
849.977432
849.977432
849.977432
849.977432
849.977432
849.977432
849.977432
849.977432
849.977432
849.977432
849.977432
849.977432
849.977432
849.977432
849.977432
849.977432
849.977432
849.977432
849.977432
849.977432
849.977432
849.977432
849.977432
849.977432
849.977432
849.977432
849.977432
849.977432
849.977432
849.977432
849.977432
849.977432
849.977432
849.977432
849.977432
849.977432
849.977432
849.977432
849.977432
862.305305
849.977432
849.977432
849.977432
849.977432
849.977432
849.977432
849.977432
862.305305
849.977432
849.977432
849.977432
862.305305
849.977432
849.977432
849.977432
849.977432
849.977432
849.977432
849.977432
849.977432
849.977432
849.977432
862.305305
849.977432
849.977432
849.977432
849.977432
849.977432
849.977432
849.977432
849.977432
849.977432
849.977432
849.977432
849.977432
849.977432
849.977432
849.977432
849.977432
849.977432
849.977432
849.977432
849.977432
849.977432
849.977432
849.977432
849.977432
849.977432
849.977432
849.977432
849.977432
849.977432
849.977432
849.977432
849.977432
849.977432
849.977432
849.977432
849.977432
849.977432
849.977432
849.977432
849.977432
849.977432
849.977432
849.977432
849.977432
849.977432
849.977432
849.977432
849.977432
849.977432
849.977432
849.977432
862.305305
849.977432
849.977432
849.977432
849.977432
849.977432
849.977432
849.977432
849.977432
849.977432
849.977432
849.977432
849.977432
849.977432
849.977432
849.977432
849.977432
849.977432
849.977432
849.977432
849.977432
849.977432
849.977432
849.977432
849.977432
849.977432
849.977432
849.977432
849.977432
849.977432
849.977432
849.977432
849.977432
849.977432
849.977432
849.977432
849.977432
849.977432
862.305305
862.305305
862.305305
849.977432
849.977432
849.977432
862.305305
849.977432
849.977432
849.977432
849.977432
849.977432
849.977432
849.977432
849.977432
849.977432
849.977432
849.977432
849.977432
849.977432
849.977432
849.977432
849.977432
849.977432
849.977432
849.977432
849.977432
849.977432
849.977432
849.977432
849.977432
849.977432
849.977432
849.977432
849.977432
849.977432
849.977432
849.977432
849.977432
849.977432
845.385795
845.385795
849.977432
849.977432
849.977432
849.977432
849.977432
862.305305
849.977432
862.305305
849.977432
849.977432
849.977432
849.977432
849.977432
849.977432
849.977432
849.977432
849.977432
849.977432
849.977432
849.977432
849.977432
849.977432
849.977432
849.977432
849.977432
849.977432
849.977432
849.977432
849.977432
849.977432
849.977432
849.977432
849.977432
849.977432
849.977432
849.977432
849.977432
849.977432
849.977432
849.977432
849.977432
849.977432
849.977432
849.977432
849.977432
849.977432
849.977432
849.977432
849.977432
849.977432
849.977432
862.305305
849.977432
849.977432
849.977432
849.977432
849.977432
849.977432
849.977432
862.305305
862.305305
849.977432
862.305305
862.305305
849.977432
849.977432
849.977432
849.977432
849.977432
849.977432
849.977432
849.977432
849.977432
849.977432
849.977432
849.977432
849.977432
849.977432
849.977432
862.305305
849.977432
849.977432
849.977432
849.977432
849.977432
849.977432
849.977432
849.977432
864.784273
862.305305
849.977432
849.977432
849.977432
849.977432
849.977432
849.977432
849.977432
849.977432
849.977432
849.977432
862.305305
862.305305
849.977432
849.977432
849.977432
849.977432
849.977432
849.977432
849.977432
849.977432
849.977432
849.977432
849.977432
849.977432
849.977432
849.977432
849.977432
849.977432
849.977432
849.977432
849.977432
849.977432
849.977432
849.977432
849.977432
849.977432
849.977432
849.977432
849.977432
849.977432
849.977432
849.977432
849.977432
849.977432
849.977432
849.977432
849.977432
849.977432
849.977432
849.977432
849.977432
849.977432
849.977432
849.977432
849.977432
849.977432
849.977432
849.977432
849.977432
849.977432
849.977432
849.977432
849.977432
849.977432
849.977432
849.977432
849.977432
849.977432
849.977432
849.977432
849.977432
pm
1690.99647
1690.99647
1525.17207
1537.04517
1537.04517
1638.40099
1648.12951
1561.06863
1607.96824
1607.96824
1607.96824
1594.46729
1594.46729
1594.46729
1616.00667
1553.49013
1471.79265
1382.81816
1455.24571
1455.08161
1455.30334
1512.76068
1532.02399
1453.91571
1532.02399
1525.25500
1429.85413
1448.98490
1454.41036
1397.84731
1363.27341
1399.54811
1399.54811
1306.50171
1315.05968
1315.05968
1315.05968
1355.07348
1233.08046
1266.17301
1273.88107
1319.92934
1319.92934
1201.16904
1223.16442
1240.86668
1262.07967
1223.51048
1173.00051
1173.00051
1223.40743
1221.50045
1144.72005
1183.90362
1175.71156
1162.46286
1153.40203
1153.40203
1118.50529
1101.72485
1101.72485
1114.63976
1092.67977
1058.99469
1096.44683
1086.59810
1064.67731
1053.38445
1043.61076
1043.61076
1043.61076
1043.61076
1037.13225
1037.13225
1034.65794
1024.26397
1024.26397
1024.26397
1024.26397
1024.26397
1024.26397
1024.26397
1024.26397
1024.26397
1010.75310
1009.77967
1009.77967
1009.77967
1009.77967
1009.77967
1009.77967
1009.77967
1009.77967
1009.77967
1009.77967
1009.77967
1009.77967
1009.77967
1009.77967
1009.77967
1009.77967
1009.77967
1009.77967
1009.77967
1009.77967
1009.77967
1009.77967
1009.77967
1009.77967
1009.77967
1009.77967
1009.77967
1009.77967
1009.77967
1009.77967
1009.77967
1009.77967
1009.77967
1009.77967
1009.77967
1009.77967
1009.77967
1009.77967
1009.77967
1009.77967
1009.77967
1009.77967
1009.77967
1009.77967
1009.77967
1009.77967
1009.77967
1009.77967
1009.77967
1009.77967
1009.77967
1009.77967
1009.77967
1009.77967
1009.77967
1009.77967
1009.77967
1009.77967
1009.77967
1009.77967
1009.77967
1009.77967
1009.77967
1009.77967
1009.77967
1009.77967
1009.77967
1009.77967
1009.77967
1009.77967
1009.77967
1009.77967
1009.77967
1009.77967
1009.77967
1009.77967
1009.77967
1009.77967
1009.77967
1009.77967
1009.77967
1009.77967
1009.77967
1009.77967
1009.77967
1009.77967
1009.77967
1009.77967
1009.77967
1009.77967
1009.77967
1009.77967
1009.77967
1009.77967
1009.77967
1009.77967
1009.77967
1009.77967
1009.77967
1009.77967
1009.77967
1009.77967
1009.77967
1009.77967
1009.77967
1009.77967
1009.77967
1009.77967
1007.19150
1009.77967
1009.77967
1009.77967
1009.77967
1009.77967
1009.77967
1009.77967
1009.77967
1009.77967
1009.77967
1009.77967
1009.77967
1009.77967
1009.77967
1009.77967
1009.77967
1009.77967
1009.77967
1009.77967
1009.77967
1009.77967
1009.77967
1009.77967
1009.77967
1009.77967
1009.77967
1007.19150
1007.19150
1007.19150
1007.19150
1007.19150
1007.19150
1007.19150
1007.19150
1007.19150
1007.19150
1007.19150
1007.19150
1007.19150
1007.19150
1007.19150
1007.19150
1007.19150
1007.19150
1007.19150
1007.19150
1007.19150
1007.19150
1007.19150
1007.19150
1007.19150
998.674166
998.674166
998.674166
998.674166
998.674166
998.674166
998.674166
998.674166
998.674166
998.674166
998.674166
998.674166
998.674166
998.674166
998.674166
998.674166
998.674166
998.674166
998.674166
998.674166
998.674166
998.674166
998.674166
998.674166
998.674166
998.674166
998.674166
998.674166
998.674166
998.674166
998.674166
998.674166
998.674166
998.674166
998.674166
996.991948
998.674166
998.674166
998.674166
998.674166
998.674166
998.674166
998.674166
998.674166
998.674166
998.674166
998.674166
998.674166
998.674166
998.674166
998.674166
998.674166
998.674166
998.674166
998.674166
974.167309
974.167309
974.167309
974.167309
974.167309
974.167309
974.167309
974.167309
972.485091
952.939300
952.939300
952.939300
968.949006
968.949006
968.949006
968.949006
968.949006
967.266788
967.266788
967.266788
967.266788
967.266788
967.266788
967.266788
967.266788
967.266788
967.266788
967.266788
967.266788
967.266788
967.266788
967.266788
967.266788
967.266788
967.266788
967.266788
959.745293
959.745293
959.745293
959.745293
959.745293
959.745293
959.745293
959.745293
959.745293
959.745293
959.745293
959.745293
959.745293
959.745293
959.745293
959.745293
959.745293
959.745293
959.745293
959.745293
959.745293
959.745293
959.745293
959.745293
959.745293
959.745293
959.745293
959.745293
959.745293
959.745293
959.745293
959.745293
959.745293
959.745293
959.745293
959.745293
959.745293
959.745293
959.745293
959.745293
959.745293
959.745293
959.745293
959.745293
959.745293
959.745293
959.745293
959.745293
959.745293
959.745293
959.745293
959.745293
959.745293
959.745293
959.745293
959.745293
959.745293
959.745293
959.745293
959.745293
959.745293
959.745293
959.745293
959.745293
959.745293
959.745293
959.745293
959.745293
959.745293
959.745293
959.745293
959.745293
959.745293
959.745293
959.745293
959.745293
959.745293
959.745293
959.745293
959.745293
959.745293
959.745293
959.745293
959.745293
959.745293
959.745293
959.745293
959.745293
959.745293
959.745293
959.745293
959.745293
959.745293
959.745293
959.745293
959.745293
959.745293
959.745293
959.745293
959.745293
959.745293
959.745293
959.745293
959.745293
959.745293
959.745293
959.745293
959.745293
959.745293
959.745293
959.745293
959.745293
959.745293
959.745293
959.745293
959.745293
959.745293
959.745293
959.745293
959.745293
959.745293
959.745293
959.745293
959.745293
959.745293
959.745293
959.745293
959.745293
959.745293
959.745293
959.745293
959.745293
959.745293
959.745293
959.745293
959.745293
959.745293
959.745293
959.745293
959.745293
959.745293
959.745293
959.745293
959.745293
959.745293
959.745293
959.745293
959.745293
959.745293
959.745293
959.745293
959.745293
959.745293
959.745293
959.745293
959.745293
959.745293
959.745293
959.745293
959.745293
959.745293
959.745293
959.745293
959.745293
959.745293
959.745293
959.745293
959.745293
959.745293
959.745293
959.745293
959.745293
959.745293
959.745293
959.745293
959.745293
959.745293
959.745293
959.745293
959.745293
959.745293
954.842269
954.842269
954.842269
954.842269
954.842269
954.842269
954.842269
954.842269
954.842269
954.842269
954.842269
954.842269
954.842269
954.842269
954.842269
954.842269
954.842269
954.842269
954.842269
954.842269
954.842269
954.842269
954.842269
954.842269
954.842269
954.842269
954.842269
954.842269
954.842269
954.842269
954.842269
954.842269
954.842269
954.842269
954.842269
954.842269
954.842269
954.842269
954.842269
954.842269
954.842269
954.842269
954.842269
954.842269
954.842269
954.842269
954.842269
954.842269
954.842269
954.842269
954.842269
954.842269
954.842269
954.842269
954.842269
954.842269
954.842269
954.842269
954.842269
954.842269
954.842269
954.842269
954.842269
954.842269
954.842269
954.842269
954.842269
954.842269
954.842269
954.842269
954.842269
954.842269
954.842269
954.842269
954.842269
954.842269
954.842269
954.842269
954.842269
954.842269
954.842269
954.842269
954.842269
954.842269
954.842269
954.842269
954.842269
954.842269
954.842269
954.842269
954.842269
954.842269
954.842269
954.842269
954.842269
954.842269
954.842269
954.842269
954.842269
954.842269
954.842269
954.842269
954.842269
954.842269
954.842269
954.842269
954.842269
954.842269
954.842269
954.842269
954.842269
954.842269
954.842269
954.842269
954.842269
954.842269
954.842269
954.842269
954.842269
954.842269
954.842269
954.842269
954.842269
954.842269
954.842269
954.842269
954.842269
954.842269
954.842269
954.842269
954.842269
954.842269
954.842269
954.842269
954.842269
954.842269
954.842269
954.842269
954.842269
954.842269
929.996874
929.996874
929.996874
929.996874
929.996874
929.996874
929.996874
929.996874
929.996874
929.996874
929.996874
929.996874
929.996874
929.996874
929.996874
929.996874
929.996874
929.996874
929.996874
929.996874
929.996874
929.996874
929.996874
929.996874
929.996874
929.996874
929.996874
929.996874
929.996874
929.996874
929.996874
929.996874
929.996874
929.996874
929.996874
929.996874
929.996874
929.996874
929.996874
929.996874
929.996874
929.996874
929.996874
929.996874
929.996874
929.996874
929.996874
929.996874
929.996874
929.996874
929.996874
929.996874
929.996874
929.996874
929.996874
929.996874
929.996874
929.996874
929.996874
929.996874
929.996874
929.996874
929.996874
929.996874
929.996874
929.996874
929.996874
929.996874
929.996874
929.996874
929.996874
929.996874
929.996874
929.996874
929.996874
929.996874
929.996874
929.996874
929.996874
929.996874
929.996874
929.996874
929.996874
929.996874
929.996874
929.996874
929.996874
929.996874
929.996874
929.996874
929.996874
929.996874
929.996874
929.996874
929.996874
929.996874
929.996874
929.996874
929.996874
929.996874
929.996874
929.996874
929.996874
929.996874
929.996874
929.996874
929.996874
929.996874
929.996874
929.996874
929.996874
929.996874
929.996874
929.996874
929.996874
929.996874
929.996874
929.996874
929.996874
929.996874
929.996874
929.996874
929.996874
929.996874
929.996874
929.996874
929.996874
929.996874
929.996874
929.996874
929.996874
929.996874
929.996874
929.996874
929.996874
929.996874
929.996874
929.996874
929.996874
929.996874
929.996874
929.996874
929.996874
929.996874
929.996874
929.996874
929.996874
929.996874
929.996874
929.996874
929.996874
929.996874
929.996874
929.996874
929.996874
929.996874
929.996874
929.996874
929.996874
929.996874
929.996874
929.996874
929.996874
929.996874
929.996874
929.996874
929.996874
929.996874
929.996874
929.996874
929.996874
929.996874
929.996874
929.996874
929.996874
929.996874
929.996874
929.996874
929.996874
929.996874
929.996874
929.996874
929.996874
929.996874
929.996874
929.996874
929.996874
929.996874
929.996874
929.996874
929.996874
929.996874
929.996874
929.996874
929.996874
929.996874
929.996874
929.996874
929.996874
929.996874
929.996874
929.996874
929.996874
929.996874
929.996874
929.996874
929.996874
929.996874
929.996874
929.996874
929.996874
929.996874
929.996874
929.996874
929.996874
929.996874
929.996874
929.996874
929.996874
929.996874
929.996874
929.996874
929.996874
929.996874
929.996874
929.996874
929.996874
929.996874
929.996874
929.996874
929.996874
929.996874
929.996874
929.996874
929.996874
929.996874
929.996874
929.996874
929.996874
929.996874
929.996874
929.996874
929.996874
929.996874
929.996874
929.996874
929.996874
929.996874
929.996874
929.996874
929.996874
929.996874
929.996874
929.996874
929.996874
929.996874
929.996874
929.996874
929.996874
929.996874
924.853577
924.853577
924.853577
924.853577
924.853577
924.853577
924.853577
924.853577
924.853577
924.853577
924.853577
924.853577
924.853577
924.853577
924.853577
924.853577
924.853577
924.853577
924.853577
924.853577
924.853577
924.853577
924.853577
924.853577
924.853577
924.853577
924.853577
924.853577
924.853577
924.853577
924.853577
924.853577
924.853577
924.853577
924.853577
924.853577
924.853577
924.853577
924.853577
924.853577
924.853577
924.853577
924.853577
924.853577
924.853577
924.853577
924.853577
924.853577
924.853577
924.853577
924.853577
924.853577
924.853577
924.853577
924.853577
924.853577
924.853577
924.853577
924.853577
924.853577
924.853577
924.853577
924.853577
924.853577
924.853577
924.853577
924.853577
924.853577
924.853577
924.853577
924.853577
924.853577
924.853577
924.853577
924.853577
924.853577
924.853577
924.853577
924.853577
924.853577
924.853577
924.853577
924.853577
cycle
1679.96620
1706.44326
1666.60406
1649.10608
1660.20572
1660.20572
1545.67107
1673.69599
1600.37066
1600.37066
1600.37066
1566.80052
1567.15749
1567.15749
1595.74323
1536.09822
1536.09822
1536.09822
1538.39590
1450.74700
1424.31397
1444.67452
1444.67452
1450.74700
1450.74700
1406.88866
1430.16798
1362.24888
1305.47983
1305.47983
1362.24888
1362.24888
1362.24888
1305.47983
1305.47983
1305.47983
1305.47983
1274.37209
1272.63244
1274.37209
1274.37209
1274.37209
1264.45025
1264.45025
1264.45025
1264.45025
1264.45025
1264.45025
1264.45025
1264.45025
1264.45025
1264.45025
1264.45025
1264.45025
1264.45025
1264.45025
1264.45025
1264.45025
1264.45025
1264.45025
1264.45025
1264.45025
1264.45025
1264.45025
1264.45025
1262.09344
1262.09344
1262.09344
1262.09344
1262.09344
1262.09344
1262.09344
1262.09344
1254.25361
1254.25361
1254.25361
1254.25361
1254.25361
1254.25361
1254.25361
1254.25361
1254.25361
1254.25361
1254.25361
1254.25361
1254.25361
1254.25361
1254.25361
1254.25361
1254.25361
1254.25361
1254.25361
1254.25361
1239.96256
1235.73787
1235.73787
1235.73787
1235.73787
1235.73787
1235.73787
1235.73787
1235.73787
1235.73787
1235.73787
1235.73787
1235.73787
1235.73787
1221.21086
1235.73787
1235.73787
1235.73787
1235.73787
1235.09680
1235.09680
1235.73787
1235.73787
1235.73787
1235.73787
1235.73787
1235.73787
1235.73787
1235.73787
1235.73787
1235.51789
1235.51789
1235.51789
1235.51789
1235.51789
1235.51789
1235.51789
1235.51789
1235.51789
1235.51789
1235.51789
1235.51789
1235.51789
1235.51789
1235.51789
1235.51789
1235.51789
1235.51789
1235.51789
1235.51789
1235.51789
1235.51789
1235.51789
1235.51789
1227.84413
1227.84413
1227.84413
1227.84413
1227.84413
1227.84413
1227.84413
1227.84413
1227.84413
1227.84413
1227.84413
1227.84413
1227.84413
1227.84413
1227.84413
1227.84413
1227.84413
1223.35616
1223.35616
1223.35616
1223.35616
1223.35616
1223.35616
1223.35616
1223.35616
1147.45249
1147.45249
1147.45249
1147.45249
1147.45249
1147.45249
1147.45249
1147.45249
1147.45249
1147.45249
1147.45249
1147.45249
1147.45249
1125.78605
1125.78605
1125.78605
1125.78605
1125.78605
1125.78605
1125.78605
1125.78605
1125.78605
1125.78605
1125.78605
1125.78605
1125.78605
1125.78605
1125.78605
1125.78605
1125.78605
1125.78605
1125.78605
1125.78605
1125.57393
1125.57393
1125.57393
1125.57393
1125.35349
1125.57393
1125.57393
1125.57393
1125.57393
1125.57393
1125.57393
1125.57393
1125.57393
1125.57393
1125.57393
1125.57393
1125.57393
1125.57393
1125.57393
1124.31174
1124.31174
1124.31174
1124.31174
1124.31174
1124.31174
1124.31174
1124.31174
1124.31174
1124.31174
1119.82377
1119.82377
1119.82377
1119.82377
1119.82377
1119.82377
1124.31174
1124.31174
1124.31174
1124.31174
1124.31174
1121.80997
1121.80997
1121.80997
1121.80997
1121.80997
1121.80997
1121.80997
1121.80997
1121.80997
1121.80997
1121.80997
1121.80997
1121.80997
1121.80997
1121.80997
1121.80997
1121.80997
1121.80997
1121.80997
1121.80997
1121.80997
1121.80997
1121.80997
1121.80997
1121.80997
1121.80997
1121.80997
1121.80997
1120.40462
1120.40462
1120.40462
1120.40462
1120.40462
1120.40462
1120.40462
1100.81659
1100.81659
1100.81659
1100.81659
1100.81659
1100.81659
1100.81659
1100.81659
1100.81659
1100.81659
1100.81659
1100.81659
1100.81659
1100.81659
1100.81659
1100.81659
1100.81659
1100.81659
1100.81659
1100.81659
1100.81659
1100.81659
1077.56985
1077.56985
1089.67075
1089.67075
1089.67075
1089.67075
1100.81659
1100.81659
1100.81659
1086.37426
1100.81659
1100.81659
1100.81659
1100.81659
1100.81659
1100.81659
1100.81659
1100.81659
1100.81659
1088.03067
1088.03067
1088.03067
1088.03067
1088.03067
1088.03067
1088.03067
1088.03067
1088.03067
1088.03067
1088.03067
1088.03067
1088.03067
1088.03067
1088.03067
1088.03067
1088.03067
1088.03067
1088.03067
1088.03067
1088.03067
1088.03067
1088.03067
1088.03067
1088.03067
1088.03067
1088.03067
1088.03067
1088.03067
1088.03067
1088.03067
1088.03067
1088.03067
1088.03067
1088.03067
1088.03067
1088.03067
1088.03067
1088.03067
1088.03067
1088.03067
1088.03067
1088.03067
1088.03067
1088.03067
1088.03067
1073.84226
1073.84226
1073.84226
1073.84226
1073.84226
1073.84226
1073.84226
1073.84226
1073.84226
1073.84226
1073.84226
1073.84226
1073.84226
1073.84226
1073.84226
1073.84226
1073.84226
1073.84226
1073.84226
1073.84226
1072.97406
1072.97406
1072.97406
1073.84226
1073.84226
1073.84226
1073.84226
1073.84226
1073.84226
1073.84226
1073.84226
1073.84226
1073.84226
1073.84226
1073.84226
1073.84226
1073.84226
1073.84226
1073.84226
1073.84226
1073.84226
1073.84226
1073.84226
1073.84226
1073.84226
1073.84226
1073.84226
1073.84226
1073.84226
1073.84226
1073.84226
1073.84226
1073.84226
1073.84226
1073.84226
1073.84226
1073.84226
1073.84226
1073.84226
1073.84226
1073.84226
1073.84226
1073.84226
1055.51823
1055.51823
1055.51823
1055.51823
1055.51823
1055.51823
1055.51823
1055.51823
1055.51823
1055.51823
1055.51823
1055.51823
1055.51823
1055.51823
1055.51823
1055.51823
1055.51823
1055.51823
1055.51823
1055.51823
1055.51823
1055.51823
1055.51823
1055.51823
1055.51823
1055.51823
1055.51823
1055.51823
1055.51823
1055.51823
1055.51823
1055.51823
1055.51823
1055.51823
1055.51823
1033.94513
1033.94513
1055.51823
1055.51823
1055.51823
1055.51823
1055.51823
1055.51823
1055.51823
1055.51823
1055.51823
1055.51823
1055.51823
1055.51823
1055.51823
1055.51823
1055.51823
1055.51823
1055.51823
1055.51823
1055.51823
1032.57528
1020.44834
1020.44834
1020.44834
1020.44834
1020.44834
1020.44834
1020.44834
1020.44834
1020.44834
1019.27409
1019.27409
1019.27409
1019.27409
1019.27409
1019.27409
1019.27409
1019.27409
993.166377
993.166377
993.166377
993.166377
993.166377
993.166377
993.166377
993.166377
993.166377
993.166377
993.166377
993.166377
993.166377
993.166377
993.166377
993.166377
993.166377
993.166377
993.166377
993.166377
993.166377
993.166377
993.166377
993.166377
993.166377
993.166377
993.166377
993.166377
993.166377
993.166377
989.756293
993.166377
993.166377
993.166377
993.166377
993.166377
993.166377
993.166377
993.166377
993.166377
993.166377
993.166377
993.166377
993.166377
993.166377
993.166377
993.166377
993.166377
993.166377
993.166377
993.166377
993.166377
993.166377
993.166377
993.166377
993.166377
993.166377
993.166377
993.166377
993.166377
993.166377
993.166377
993.166377
993.166377
993.166377
993.166377
993.166377
993.166377
993.166377
993.166377
993.166377
993.166377
993.166377
993.166377
993.166377
993.166377
992.298176
992.298176
992.298176
992.298176
992.298176
992.298176
992.298176
992.298176
987.564451
986.650648
986.650648
986.650648
986.650648
986.650648
986.650648
986.650648
986.650648
970.725075
986.650648
986.650648
986.650648
986.650648
986.650648
986.650648
986.650648
986.650648
986.650648
986.650648
986.650648
986.650648
986.650648
986.650648
986.650648
986.650648
986.650648
986.650648
986.650648
986.650648
986.650648
986.650648
986.650648
986.650648
986.650648
986.650648
986.650648
986.650648
986.650648
986.650648
986.650648
986.650648
986.650648
986.650648
986.650648
986.650648
986.650648
986.650648
986.650648
986.650648
986.650648
986.650648
986.650648
986.650648
986.650648
986.650648
986.650648
986.650648
986.650648
986.650648
986.650648
986.650648
986.650648
986.650648
986.650648
986.650648
986.650648
986.650648
986.650648
986.650648
975.628405
986.650648
986.650648
986.650648
986.650648
986.650648
986.650648
986.650648
986.650648
986.650648
986.650648
986.650648
986.650648
986.650648
986.650648
986.650648
986.650648
986.650648
986.650648
986.650648
986.650648
986.650648
968.454966
968.454966
968.454966
968.454966
968.454966
968.454966
968.454966
968.454966
968.454966
968.454966
968.454966
968.454966
968.454966
968.454966
966.393799
966.393799
966.393799
966.393799
966.393799
966.393799
966.393799
966.393799
966.393799
966.393799
966.393799
966.393799
966.393799
966.393799
966.393799
966.393799
966.393799
966.393799
966.393799
966.393799
966.393799
966.393799
966.393799
966.393799
966.393799
966.393799
966.393799
966.393799
966.393799
966.393799
966.393799
966.393799
962.597920
962.597920
962.597920
962.597920
962.597920
962.597920
962.597920
956.553540
956.553540
956.553540
956.553540
956.553540
956.553540
956.553540
956.553540
956.553540
956.553540
956.553540
956.553540
956.553540
956.553540
956.553540
956.553540
954.063791
954.063791
954.063791
954.063791
954.063791
954.063791
954.063791
954.063791
954.063791
954.063791
954.063791
954.063791
954.063791
954.063791
954.063791
954.063791
954.063791
954.063791
954.063791
954.063791
954.063791
954.063791
954.063791
954.063791
954.063791
954.063791
954.063791
954.063791
954.063791
954.063791
954.063791
954.063791
954.063791
954.063791
954.063791
954.063791
954.063791
954.063791
954.063791
954.063791
954.063791
954.063791
954.063791
924.237356
924.237356
924.237356
924.237356
924.237356
924.237356
924.237356
924.237356
924.237356
924.237356
924.237356
924.237356
924.237356
924.237356
924.237356
924.237356
924.237356
924.237356
924.237356
924.237356
924.237356
924.237356
924.237356
924.237356
924.237356
924.237356
924.237356
924.237356
924.237356
924.237356
924.237356
924.237356
924.237356
924.237356
924.237356
924.237356
924.237356
924.237356
924.237356
924.237356
924.237356
924.237356
924.237356
924.237356
924.237356
924.237356
924.237356
924.237356
924.237356
924.237356
924.237356
924.237356
924.237356
924.237356
924.237356
924.237356
924.237356
924.237356
924.237356
924.237356
924.237356
924.237356
924.237356
924.237356
924.237356
924.237356
924.237356
924.237356
924.237356
924.237356
924.237356
915.146681
924.237356
924.237356
924.237356
924.237356
924.237356
910.443021
924.237356
924.237356
924.237356
924.237356
924.237356
924.237356
924.237356
924.237356
924.237356
924.237356
924.237356
924.237356
924.237356
924.237356
924.237356
924.237356
924.237356
924.237356
924.237356
924.237356
924.237356
924.237356
924.237356
924.237356
924.237356
924.237356
924.237356
924.237356
924.237356
924.237356
924.237356
924.237356
924.237356
924.237356
924.237356
924.237356
924.237356
924.237356
924.237356
924.237356
924.237356
924.237356
924.237356
924.237356
924.237356
924.237356
924.237356
924.237356
924.237356
924.237356
924.237356
924.237356
924.237356
924.237356
924.237356
924.237356
924.237356
924.237356
924.237356
924.237356
924.237356
924.237356
924.237356
924.237356
924.237356
924.237356
924.237356
924.237356
924.237356
924.237356
924.237356
924.237356
924.237356
924.237356
924.237356
924.237356
924.237356
924.237356
924.237356
924.237356
924.237356
924.237356
924.237356
924.237356
924.237356
924.237356
924.237356
924.237356
924.237356
924.237356
924.237356
924.237356
924.237356
924.237356
924.237356
924.237356
924.237356
924.237356
924.237356
924.237356
924.237356
924.237356
924.237356
924.237356
924.237356
924.237356
924.237356
924.237356
924.237356
924.237356
924.237356
924.237356
924.237356
924.237356
924.237356
924.237356
924.237356
924.237356
924.237356
924.237356
924.237356
915.228912
924.237356
924.237356
924.237356
924.237356
924.237356
924.237356
924.237356
924.237356
order
1559.15834
1644.82608
1586.86484
1497.75966
1497.75966
1502.10900
1498.34596
1423.92733
1423.92733
1451.18032
1445.42548
1413.78960
1445.42548
1440.66869
1347.43640
1230.43888
1230.43888
1209.36266
1209.36266
1420.53855
1274.84828
1310.97931
1310.97931
1319.53491
1247.60360
1295.00804
1332.62016
1348.35641
1331.86395
1302.25721
1165.43750
1165.43750
1165.43750
1165.43750
1237.79744
1309.18153
1319.05447
1332.97142
1254.89097
1254.94583
1254.94583
1238.08791
1160.63418
1262.84340
1241.52585
1169.71697
1223.30652
1208.14498
1244.91574
1217.54264
1217.54264
1217.54264
1217.54264
1202.27241
1217.15276
1203.77623
1127.46308
1115.48132
1107.49461
1107.49461
1157.91308
1142.56383
1152.96426
1127.62892
1118.39584
1107.05259
1107.05259
1107.05259
1107.05259
1066.15117
1131.03867
1075.18556
1093.80242
1153.71631
1145.88396
1145.88396
1089.53100
1098.06262
1098.06262
1024.44169
1060.51446
1063.35683
1073.29220
1016.51793
1016.51793
1016.51793
1016.79120
1011.89703
1011.89703
1011.89703
1086.93503
1067.26854
1064.41056
1074.11087
1042.44291
1042.44291
1093.71118
1102.34657
1055.88634
1136.03069
1090.15296
1034.03354
1087.58621
1076.74350
1072.79494
1053.74635
1104.73062
1103.96105
1102.06411
1092.67995
1087.97414
1103.01820
1083.60563
1124.22112
1124.22112
1053.87823
1036.02945
1053.87823
1021.56775
1021.56775
1021.56775
1021.56775
1091.65817
1051.52327
1098.51247
1073.79871
1096.30743
1128.94945
1161.65873
1151.65572
1128.94945
1128.94945
1086.62163
1130.59677
1071.31678
1071.31678
1045.34106
1071.31678
1051.16391
1051.16391
1049.62300
1012.62922
1030.64330
1062.94292
1062.94292
1062.33974
1062.33974
1056.69346
1058.49943
1058.49943
1035.21866
1035.21866
1074.95936
1072.87256
1034.17090
995.596235
1027.19864
1043.83858
1043.83858
1023.78971
1081.54924
1042.91255
1098.06068
1037.37860
1037.37860
1029.34359
1091.00203
1022.61223
1071.27790
1091.00203
1091.00203
1122.38125
1088.08339
1088.08339
1104.42025
1083.89751
1067.12099
1042.93785
1024.56425
1024.56425
1030.64862
1034.91429
1008.51036
1017.48013
1072.88144
1020.44499
1079.98968
1005.10387
1023.19819
1023.19819
1023.19819
1039.97911
1026.50008
1030.93471
1041.97308
1005.28755
1032.14515
1022.60623
1034.12937
1036.97492
1049.17177
988.385687
1031.78130
1022.49128
983.006984
1005.71894
998.356041
994.694372
959.511214
959.511214
968.045234
987.110973
1008.68666
963.307338
970.889014
970.889014
984.187487
982.670066
987.626135
975.665935
975.665935
969.906733
990.884501
990.027266
996.293372
964.172327
957.795280
959.012703
957.795280
931.511419
964.514612
957.795280
964.309772
957.824572
948.701381
964.500254
965.500306
965.500306
965.500306
968.310333
974.812618
974.812618
939.414048
971.993309
949.343388
974.148743
934.893673
942.474833
940.599338
954.520358
928.340357
957.824572
957.728790
909.818625
903.504742
909.818625
878.186163
930.074574
934.931278
930.415658
891.424366
918.544695
898.183671
898.183671
890.329731
861.783020
861.783020
907.862668
874.973569
874.973569
889.403195
930.195327
937.044990
919.813202
937.044990
893.884060
959.576309
900.289554
953.117226
965.068728
904.310518
955.521351
926.100971
926.100971
945.521197
925.264462
945.521197
911.618835
911.618835
937.983796
937.983796
946.086567
924.496779
909.735727
908.514345
908.514345
924.496779
924.496779
924.496779
912.729282
912.729282
912.729282
912.729282
912.729282
958.705007
963.949616
894.147664
965.990900
904.190832
904.190832
904.190832
904.190832
935.791085
939.034741
939.034741
970.852007
920.746597
898.867161
898.867161
949.367184
932.725461
875.968837
947.438131
943.220780
938.125184
916.783665
926.297755
926.297755
940.308583
936.722781
861.066040
891.835121
933.833384
958.990795
956.116166
879.000997
879.000997
954.980986
916.249718
916.249718
916.249718
906.015709
917.328071
917.328071
929.276134
891.591360
944.839444
910.930595
922.044719
927.038092
961.551011
958.933446
947.472401
902.979866
902.979866
974.617104
906.772920
988.294664
980.359003
920.208142
957.175357
981.965462
956.688914
938.348484
997.356591
1004.19733
1030.01298
1017.89190
966.092167
1014.24525
1030.01298
1030.01298
1019.49943
1019.40683
941.200280
1035.86531
998.097726
972.772339
927.838949
919.556221
919.556221
950.844473
941.251988
968.527903
893.971187
1022.17703
1003.07845
897.737295
940.789447
974.068622
1000.84493
1011.90325
987.329878
960.025072
970.104863
894.623802
952.725634
927.280250
927.280250
927.280250
927.280250
917.770994
916.698587
916.698587
917.770994
917.770994
917.770994
949.390004
924.704021
977.623820
919.413920
919.406828
919.413920
951.803175
931.636467
930.106175
861.663257
867.872141
867.872141
949.875866
944.953876
911.249229
904.062894
953.662110
897.467659
881.050983
929.423329
958.546429
935.575015
869.740891
914.234103
942.591189
935.612326
950.153674
920.597242
920.597242
882.828749
882.828749
925.200870
925.200870
925.200870
924.780354
946.995883
946.995883
895.060262
895.060262
898.866122
898.866122
886.051810
953.727375
953.727375
956.317653
930.049043
924.504459
887.204533
861.072229
881.782615
869.348178
869.348178
859.933630
859.933630
859.933630
909.502896
909.502896
907.616408
907.616408
935.089769
912.274014
912.274014
912.274014
869.348178
910.136651
899.048614
899.048614
902.976876
888.808994
884.352218
890.235220
925.054021
901.824300
856.677332
861.095500
890.951177
861.095500
861.095500
861.095500
895.964096
880.735281
903.273272
848.104552
868.029217
880.132782
907.673684
878.993361
882.802362
875.556595
844.543689
871.569258
862.694302
893.972907
864.011363
865.299932
898.180186
880.892775
870.801251
868.035101
866.911652
866.911652
866.911652
865.299932
866.266182
866.266182
862.807170
879.696896
871.569258
886.056733
872.158088
861.449979
848.415663
858.196366
858.196366
858.196366
860.386039
860.386039
860.386039
860.386039
860.386039
856.845998
864.114250
862.508522
863.594615
862.688310
862.688310
857.761385
884.995091
892.096816
882.326207
854.898316
854.898316
862.694302
870.860179
863.436940
886.935854
857.426568
867.304522
867.304522
863.599252
867.654291
861.035196
861.035196
864.517721
860.105895
852.114236
852.114236
863.653585
848.035934
873.306053
873.306053
864.681847
859.964828
859.964828
859.964828
859.964828
863.890303
850.549448
913.192742
861.010571
872.923755
854.485634
893.092483
853.179988
862.737286
862.737286
862.737286
853.179988
862.737286
863.760763
876.060102
843.584867
878.698900
897.635053
890.238769
894.316325
873.756001
898.389925
887.485227
881.757038
900.735266
848.116652
911.124152
879.825645
918.336070
891.835821
892.856011
892.856011
912.818182
927.310299
922.240499
909.785151
864.011304
922.831062
893.412656
879.361641
906.607004
851.169607
851.169607
886.359942
896.560822
911.952543
899.142902
899.142902
879.895163
928.636902
872.733730
872.741218
880.026468
880.026468
874.107561
874.107561
874.107561
863.386153
863.386153
883.934238
872.741218
886.558066
886.558066
895.826970
864.658992
858.155027
895.826970
889.448139
887.004807
898.089918
911.559098
905.536259
888.985020
872.741218
872.741218
872.741218
872.741218
872.741218
905.322422
871.357228
913.117472
872.741218
895.458458
890.523396
882.342827
882.342827
945.314393
904.209631
904.209631
873.460792
904.209631
872.858666
873.460792
916.803226
932.430223
940.079683
859.009945
892.049834
892.049834
873.921958
883.989839
872.733730
883.989839
859.939890
859.930876
874.809865
897.159252
897.159252
870.600586
869.479571
857.905098
899.292433
870.259352
865.675893
911.975585
887.205356
856.262735
897.901176
897.901176
897.901176
867.630922
892.261997
870.618429
872.800943
872.800943
875.480928
852.602411
860.763850
872.514572
880.502854
889.932152
868.286285
871.705037
870.719985
870.719985
870.719985
890.643772
905.032929
858.120836
858.120836
910.987768
912.525783
888.813250
888.813250
866.245245
888.813250
848.977668
848.977668
869.364751
867.672813
875.873212
875.668409
866.488295
866.488295
856.528654
878.057248
882.878555
890.368514
885.825160
858.136528
909.538189
866.016766
949.163334
868.889751
907.468343
847.187717
881.224591
875.708526
881.224591
882.271909
910.214481
922.943476
891.768889
853.267577
853.267577
853.267577
929.820511
894.287911
894.287911
889.361719
894.121746
909.678214
906.727352
924.874854
863.723999
905.646598
882.304996
846.471921
846.471921
846.471921
844.094790
872.418791
901.501127
867.313227
867.313227
867.313227
867.313227
867.313227
899.438731
863.027166
914.848234
910.225936
908.047145
897.226623
897.226623
888.507242
897.226623
904.310697
904.310697
885.520533
852.302278
852.302278
852.302278
855.563925
852.302278
855.563925
855.563925
904.602265
912.912826
904.533998
905.720673
905.720673
870.078998
913.295950
913.295950
939.646684
946.257918
886.274734
872.934762
885.612785
881.179720
871.144949
871.144949
907.426510
897.767521
897.767521
895.568238
934.448006
934.448006
921.274176
921.274176
900.386850
910.461548
910.461548
903.068713
905.063842
930.173504
934.758391
936.284589
978.732637
916.175954
888.951701
939.501023
939.652857
933.254963
922.749048
929.341264
936.110869
936.110869
936.110869
961.723378
943.612575
939.894035
939.894035
948.496665
955.272718
921.922511
939.533215
930.158132
921.367935
883.231952
901.188629
901.712926
881.077398
893.951077
886.540195
893.951077
908.608921
883.118438
883.118438
912.513193
919.458198
897.459175
903.115942
910.827665
897.221634
917.919718
861.991905
861.991905
861.991905
874.157175
885.645750
877.304530
870.752103
870.752103
884.905285
881.323527
896.031131
907.286187
897.381916
938.985924
938.195511
889.278702
889.278702
889.278702
891.921717
891.921717
891.921717
883.796067
891.921717
891.921717
891.921717
908.978315
944.549286
924.279515
932.682387
903.664151
922.477851
909.103825
881.971202
970.511373
888.293446
888.293446
887.907837
867.392189
888.293446
888.293446
934.571117
908.532187
863.079832
930.243890
928.017188
917.615198
898.407304
887.656836
949.988344
870.250625
877.219831
877.219831
958.309857
901.640766
901.640766
914.858315
960.152583
945.039466
908.879150
856.559540
941.247785
916.508690
916.508690
916.508690
995.172402
941.959390
966.008036
962.759728
967.568294
910.364565
910.364565
950.976491
945.144460
966.300928
957.233499
968.597319
972.820831
921.654630
921.654630
944.947853
944.947853
940.687622
912.675266
910.141837
928.175820
917.024102
895.541307
891.797272
891.797272
955.865297
942.819907
939.434835
941.691186
941.691186
941.691186
884.468190
943.878034
943.878034
957.529837
957.529837
892.013646
892.013646
926.209283
942.005284
942.005284
904.064785
911.291949
942.005284
921.287430
950.841277
907.772863
921.779121
966.921127
978.984082
970.130667
982.534910
972.234699
969.003125
895.139740
895.139740
895.139740
937.014113
893.123367
893.123367
893.123367
893.123367
876.435839
876.061982
876.061982
876.061982
921.033396
928.832223
891.397254
887.238990
887.238990
929.288757
953.785241
966.176971
912.401158
940.608686
973.461680
908.794490
908.794490
912.508598
910.254252
940.283436
958.624983
971.883531
915.147400
945.282327
precedence
1770.01311
1741.32955
1743.57112
1661.58252
1661.58252
1661.58252
1792.94045
1765.06449
1825.08330
1776.95707
1681.27658
1681.27658
1674.47343
1674.47343
1735.24517
1735.24517
1758.08794
1686.59285
1686.59285
1717.91083
1732.02867
1699.77027
1675.47375
1652.62011
1684.91575
1715.91757
1609.35586
1568.00327
1568.00327
1559.60881
1568.00327
1568.00327
1568.00327
1658.92859
1670.77543
1671.20471
1638.66400
1638.66400
1603.06400
1650.38097
1641.43371
1641.43371
1622.78832
1622.78832
1614.09098
1614.09098
1632.19493
1630.30809
1630.30809
1618.72448
1613.76635
1612.38615
1584.55590
1582.76353
1582.76353
1584.55590
1534.40542
1530.82184
1530.82184
1530.82184
1508.88774
1474.00781
1474.00781
1474.00781
1468.82798
1458.59296
1474.00781
1474.00781
1474.00781
1358.32916
1474.00781
1474.00781
1426.31751
1474.00781
1474.00781
1467.01636
1460.34691
1474.00781
1444.33736
1436.15911
1436.15911
1469.07364
1469.07364
1474.00781
1466.56830
1457.41105
1416.87655
1416.87655
1416.87655
1416.87655
1426.46226
1396.84996
1396.84996
1396.84996
1396.84996
1396.84996
1396.84996
1396.84996
1396.84996
1376.24022
1344.59207
1344.59207
1317.70534
1317.70534
1317.70534
1317.70534
1312.87644
1312.87644
1312.87644
1312.87644
1312.87644
1312.87644
1312.87644
1312.87644
1312.87644
1312.87644
1312.87644
1312.87644
1312.87644
1312.87644
1312.87644
1312.87644
1312.87644
1312.87644
1284.43979
1303.29073
1303.29073
1303.29073
1303.29073
1303.29073
1303.29073
1303.29073
1303.29073
1303.29073
1303.29073
1303.29073
1303.29073
1303.29073
1303.29073
1303.29073
1303.29073
1300.17753
1303.29073
1303.29073
1303.29073
1303.29073
1303.29073
1303.29073
1303.29073
1303.29073
1303.29073
1303.29073
1303.29073
1303.29073
1303.29073
1303.29073
1303.29073
1303.29073
1303.29073
1303.29073
1303.29073
1303.29073
1303.29073
1303.29073
1303.29073
1303.29073
1303.29073
1303.29073
1303.29073
1303.29073
1303.29073
1303.29073
1303.29073
1303.29073
1303.29073
1303.29073
1303.29073
1303.29073
1303.29073
1303.29073
1303.29073
1303.29073
1303.29073
1303.29073
1303.29073
1303.29073
1303.29073
1303.29073
1303.29073
1303.29073
1303.29073
1303.29073
1303.29073
1303.29073
1303.29073
1303.29073
1303.29073
1303.29073
1303.29073
1303.29073
1303.29073
1303.29073
1303.29073
1303.29073
1303.29073
1303.29073
1301.12759
1301.12759
1301.12759
1301.12759
1301.12759
1301.12759
1301.12759
1301.12759
1301.12759
1301.12759
1301.12759
1301.12759
1301.12759
1301.12759
1301.12759
1301.12759
1301.12759
1301.12759
1301.12759
1301.12759
1301.12759
1301.12759
1287.45213
1287.45213
1301.12759
1301.12759
1301.12759
1301.12759
1301.12759
1301.12759
1301.12759
1301.12759
1301.12759
1301.12759
1301.12759
1301.12759
1301.12759
1301.12759
1301.12759
1301.12759
1301.12759
1301.12759
1301.12759
1301.12759
1301.12759
1301.12759
1301.12759
1301.12759
1301.12759
1301.12759
1301.12759
1301.12759
1301.12759
1301.12759
1301.12759
1301.12759
1301.12759
1301.12759
1301.12759
1288.16802
1288.16802
1288.16802
1301.12759
1301.12759
1301.12759
1301.12759
1301.12759
1301.12759
1301.12759
1301.12759
1301.12759
1301.12759
1301.12759
1301.12759
1301.12759
1301.12759
1301.12759
1301.12759
1301.12759
1301.12759
1301.12759
1301.12759
1301.12759
1301.12759
1301.12759
1301.12759
1301.12759
1301.12759
1301.12759
1301.12759
1301.12759
1301.12759
1301.12759
1301.12759
1301.12759
1301.12759
1301.12759
1301.12759
1301.12759
1301.12759
1301.12759
1301.12759
1301.12759
1301.12759
1301.12759
1301.12759
1301.12759
1301.12759
1301.12759
1301.12759
1301.12759
1301.12759
1301.12759
1301.12759
1301.12759
1301.12759
1301.12759
1301.12759
1301.12759
1301.12759
1301.12759
1301.12759
1301.12759
1301.12759
1301.12759
1301.12759
1293.19244
1293.19244
1301.12759
1301.12759
1301.12759
1301.12759
1301.12759
1301.12759
1301.12759
1301.12759
1301.12759
1301.12759
1301.12759
1301.12759
1301.12759
1301.12759
1298.01439
1298.01439
1298.01439
1298.01439
1298.01439
1298.01439
1298.01439
1298.01439
1298.01439
1298.01439
1295.36415
1298.01439
1298.01439
1298.01439
1298.01439
1298.01439
1298.01439
1284.33894
1284.33894
1284.33894
1298.01439
1298.01439
1298.01439
1298.01439
1298.01439
1275.63891
1298.01439
1298.01439
1298.01439
1298.01439
1298.01439
1298.01439
1298.01439
1298.01439
1298.01439
1298.01439
1298.01439
1298.01439
1298.01439
1298.01439
1298.01439
1298.01439
1298.01439
1298.01439
1298.01439
1298.01439
1298.01439
1298.01439
1298.01439
1285.05483
1285.05483
1285.05483
1298.01439
1298.01439
1298.01439
1298.01439
1298.01439
1298.01439
1298.01439
1298.01439
1298.01439
1298.01439
1295.36415
1298.01439
1298.01439
1253.64641
1253.64641
1275.63891
1298.01439
1298.01439
1295.74379
1298.01439
1298.01439
1298.01439
1298.01439
1298.01439
1298.01439
1298.01439
1298.01439
1298.01439
1298.01439
1298.01439
1298.01439
1298.01439
1298.01439
1298.01439
1298.01439
1298.01439
1298.01439
1298.01439
1298.01439
1298.01439
1298.01439
1298.01439
1298.01439
1298.01439
1298.01439
1298.01439
1295.36415
1295.36415
1295.36415
1295.36415
1298.01439
1298.01439
1298.01439
1298.01439
1298.01439
1298.01439
1298.01439
1298.01439
1298.01439
1298.01439
1298.01439
1298.01439
1298.01439
1291.02605
1291.02605
1291.02605
1298.01439
1298.01439
1298.01439
1298.01439
1298.01439
1298.01439
1298.01439
1298.01439
1298.01439
1298.01439
1298.01439
1298.01439
1298.01439
1298.01439
1298.01439
1298.01439
1298.01439
1298.01439
1298.01439
1298.01439
1298.01439
1275.63891
1295.36415
1298.01439
1298.01439
1298.01439
1298.01439
1298.01439
1298.01439
1298.01439
1298.01439
1298.01439
1298.01439
1298.01439
1298.01439
1298.01439
1298.01439
1298.01439
1298.01439
1298.01439
1298.01439
1298.01439
1298.01439
1298.01439
1298.01439
1298.01439
1298.01439
1285.05483
1285.05483
1298.01439
1298.01439
1298.01439
1298.01439
1298.01439
1298.01439
1291.02605
1291.02605
1298.01439
1298.01439
1298.01439
1298.01439
1298.01439
1298.01439
1298.01439
1298.01439
1298.01439
1298.01439
1298.01439
1298.01439
1298.01439
1298.01439
1298.01439
1298.01439
1298.01439
1298.01439
1298.01439
1298.01439
1298.01439
1298.01439
1298.01439
1298.01439
1298.01439
1298.01439
1298.01439
1298.01439
1298.01439
1298.01439
1298.01439
1298.01439
1298.01439
1298.01439
1298.01439
1298.01439
1298.01439
1298.01439
1298.01439
1298.01439
1298.01439
1298.01439
1298.01439
1298.01439
1298.01439
1298.01439
1253.64641
1298.01439
1298.01439
1298.01439
1298.01439
1298.01439
1298.01439
1298.01439
1298.01439
1291.02605
1291.02605
1298.01439
1298.01439
1298.01439
1298.01439
1298.01439
1298.01439
1298.01439
1298.01439
1298.01439
1298.01439
1298.01439
1298.01439
1298.01439
1253.64641
1253.64641
1253.64641
1253.64641
1298.01439
1298.01439
1298.01439
1298.01439
1298.01439
1298.01439
1298.01439
1298.01439
1298.01439
1298.01439
1298.01439
1298.01439
1298.01439
1298.01439
1298.01439
1298.01439
1298.01439
1298.01439
1298.01439
1298.01439
1298.01439
1298.01439
1298.01439
1298.01439
1298.01439
1298.01439
1298.01439
1298.01439
1298.01439
1298.01439
1298.01439
1298.01439
1298.01439
1298.01439
1298.01439
1298.01439
1298.01439
1298.01439
1298.01439
1298.01439
1298.01439
1298.01439
1298.01439
1298.01439
1298.01439
1298.01439
1298.01439
1298.01439
1298.01439
1298.01439
1298.01439
1298.01439
1298.01439
1298.01439
1298.01439
1298.01439
1298.01439
1298.01439
1298.01439
1298.01439
1298.01439
1298.01439
1298.01439
1298.01439
1298.01439
1298.01439
1298.01439
1298.01439
1298.01439
1298.01439
1298.01439
1298.01439
1298.01439
1298.01439
1298.01439
1298.01439
1298.01439
1298.01439
1298.01439
1298.01439
1298.01439
1298.01439
1291.02605
1298.01439
1298.01439
1298.01439
1298.01439
1298.01439
1298.01439
1298.01439
1298.01439
1298.01439
1298.01439
1298.01439
1298.01439
1298.01439
1298.01439
1298.01439
1298.01439
1298.01439
1298.01439
1298.01439
1298.01439
1298.01439
1298.01439
1298.01439
1298.01439
1298.01439
1298.01439
1298.01439
1298.01439
1298.01439
1298.01439
1298.01439
1298.01439
1298.01439
1298.01439
1298.01439
1298.01439
1298.01439
1298.01439
1298.01439
1298.01439
1298.01439
1298.01439
1298.01439
1298.01439
1275.63891
1275.63891
1292.06326
1298.01439
1298.01439
1298.01439
1298.01439
1298.01439
1275.63891
1275.63891
1298.01439
1298.01439
1298.01439
1298.01439
1298.01439
1298.01439
1298.01439
1298.01439
1298.01439
1298.01439
1298.01439
1298.01439
1298.01439
1298.01439
1298.01439
1298.01439
1298.01439
1253.64641
1298.01439
1298.01439
1298.01439
1298.01439
1298.01439
1298.01439
1298.01439
1298.01439
1298.01439
1298.01439
1298.01439
1298.01439
1298.01439
1298.01439
1298.01439
1298.01439
1298.01439
1298.01439
1298.01439
1298.01439
1298.01439
1298.01439
1298.01439
1298.01439
1298.01439
1298.01439
1298.01439
1298.01439
1298.01439
1298.01439
1298.01439
1298.01439
1298.01439
1298.01439
1298.01439
1298.01439
1298.01439
1298.01439
1298.01439
1298.01439
1298.01439
1298.01439
1298.01439
1298.01439
1298.01439
1298.01439
1298.01439
1298.01439
1298.01439
1298.01439
1298.01439
1298.01439
1298.01439
1298.01439
1298.01439
1298.01439
1298.01439
1298.01439
1298.01439
1298.01439
1269.57775
1269.57775
1269.57775
1269.57775
1269.57775
1298.01439
1298.01439
1298.01439
1298.01439
1298.01439
1292.06326
1298.01439
1298.01439
1298.01439
1298.01439
1298.01439
1298.01439
1298.01439
1298.01439
1298.01439
1298.01439
1298.01439
1298.01439
1298.01439
1298.01439
1298.01439
1298.01439
1298.01439
1298.01439
1269.57775
1269.57775
1298.01439
1298.01439
1285.05483
1298.01439
1298.01439
1253.64641
1298.01439
1298.01439
1298.01439
1298.01439
1298.01439
1298.01439
1298.01439
1298.01439
1298.01439
1298.01439
1298.01439
1284.33894
1298.01439
1298.01439
1298.01439
1298.01439
1298.01439
1298.01439
1298.01439
1298.01439
1298.01439
1298.01439
1284.33894
1298.01439
1298.01439
1298.01439
1298.01439
1298.01439
1298.01439
1298.01439
1298.01439
1298.01439
1298.01439
1298.01439
1298.01439
1298.01439
1298.01439
1298.01439
1298.01439
1298.01439
1298.01439
1298.01439
1298.01439
1298.01439
1298.01439
1298.01439
1298.01439
1298.01439
1298.01439
1298.01439
1298.01439
1269.57775
1298.01439
1298.01439
1298.01439
1298.01439
1298.01439
1298.01439
1298.01439
1298.01439
1298.01439
1298.01439
1298.01439
1298.01439
1298.01439
1298.01439
1298.01439
1298.01439
1253.64641
1298.01439
1298.01439
1298.01439
1298.01439
1298.01439
1298.01439
1284.33894
1284.33894
1298.01439
1298.01439
1298.01439
1253.64641
1253.64641
1291.02605
1298.01439
1298.01439
1298.01439
1298.01439
1298.01439
1298.01439
1298.01439
1298.01439
1298.01439
1298.01439
1298.01439
1298.01439
1298.01439
1298.01439
1298.01439
1275.63891
1298.01439
1298.01439
1298.01439
1298.01439
1298.01439
1298.01439
1298.01439
1298.01439
1298.01439
1298.01439
1298.01439
1298.01439
1298.01439
1298.01439
1298.01439
1298.01439
1269.57775
1269.57775
1269.57775
1269.57775
1269.57775
1298.01439
1298.01439
1298.01439
1298.01439
1298.01439
1275.63891
1253.64641
1285.70930
1285.05483
1285.05483
1285.05483
1285.05483
1285.05483
1298.01439
1298.01439
1298.01439
1298.01439
1298.01439
1298.01439
1298.01439
1298.01439
1298.01439
1298.01439
1298.01439
1298.01439
1298.01439
1298.01439
1298.01439
1298.01439
1298.01439
1275.63891
gox
1121.73217
1005.98856
1009.61608
925.233069
963.711850
963.711850
968.051020
933.052330
946.468603
896.434948
944.088368
943.656499
947.515530
947.515530
939.300510
939.300510
935.161406
917.944704
917.944704
941.460148
906.084312
906.084312
906.084312
909.362428
921.445458
962.792468
860.776908
952.962334
952.962334
904.658680
906.084312
876.726045
876.726045
947.275950
949.564576
955.556953
956.850207
956.850207
971.542287
977.716205
979.780842
921.622148
906.084312
906.084312
906.084312
906.084312
968.659488
968.659488
968.659488
986.890878
959.997652
877.064017
877.064017
877.064017
949.102988
963.728809
962.837540
939.452412
939.452412
957.006437
949.553287
911.079730
911.079730
911.079730
967.515745
951.059687
951.059687
953.341772
953.341772
941.998162
967.058588
966.372069
958.559698
928.504232
898.615880
898.615880
911.769887
930.764420
949.472551
932.582408
932.582408
951.717289
932.651304
953.307777
962.125233
948.980620
934.538356
881.722012
881.722012
881.722012
881.722012
957.800743
938.316298
940.548442
940.548442
938.879271
959.422979
968.286465
953.062220
952.122174
952.122174
936.724456
952.122174
957.697945
906.273004
906.273004
906.273004
906.273004
943.196267
938.756680
941.525296
982.058618
973.042223
954.011686
937.471451
953.696732
907.436236
907.436236
926.536660
926.536660
950.026142
960.074834
958.391130
952.351215
948.631554
959.293577
964.206041
926.695126
926.695126
942.159626
945.627287
891.291954
892.571247
946.532915
943.352798
943.352798
926.629080
919.655832
914.597208
914.597208
914.597208
930.038515
940.965929
960.325912
970.584149
981.043790
983.839162
960.308091
934.519390
934.655034
961.064121
908.893579
938.316298
878.669746
878.669746
933.358782
932.430363
933.358782
933.358782
934.829061
911.732484
934.829061
936.878942
908.468761
908.468761
908.468761
952.873977
903.836470
903.836470
942.326273
959.002173
959.002173
959.002173
949.661513
943.199888
915.128720
894.103684
919.785651
919.785651
919.785651
901.025688
906.084312
906.084312
906.084312
906.084312
930.686317
930.686317
930.686317
939.888442
933.281256
933.281256
906.084312
906.084312
906.084312
906.084312
906.084312
906.084312
906.084312
906.084312
906.084312
928.188507
906.084312
906.084312
906.084312
917.531474
888.974205
888.974205
888.974205
888.974205
888.974205
946.167103
906.270703
941.198345
906.084312
906.084312
905.771665
899.349490
899.349490
899.349490
879.868282
879.868282
879.868282
909.811459
909.811459
909.811459
909.811459
957.408787
957.408787
954.913141
954.913141
937.379967
937.379967
937.491170
933.358782
959.738786
946.468603
906.820714
906.820714
906.820714
927.803780
927.803780
929.381408
929.381408
934.694389
967.806290
968.659488
959.710879
898.538218
898.538218
898.538218
957.863550
941.528085
951.769428
921.947243
943.517262
943.517262
943.517262
957.791804
957.791804
929.957717
929.957717
929.957717
944.536665
963.596411
976.546785
896.558464
896.558464
896.558464
896.558464
896.558464
946.000644
971.638745
960.117295
960.117295
937.741224
937.741224
910.248707
896.434948
896.434948
896.434948
899.573877
956.563966
972.738857
965.445100
880.635748
880.635748
880.635748
877.668393
880.635748
880.635748
952.543357
913.500378
949.432881
933.342465
933.342465
927.626909
965.964295
929.768218
929.768218
929.768218
973.104375
960.313802
960.313802
944.179589
914.439104
944.179589
935.252773
935.252773
901.377417
944.179589
889.676495
889.676495
951.240852
951.240852
951.240852
951.240852
958.311476
952.902128
919.699615
919.699615
946.468603
975.516488
959.266007
928.345641
906.084312
906.084312
928.345641
912.636143
870.807217
870.807217
870.807217
870.807217
870.807217
900.980445
958.700535
942.633754
937.359524
933.292453
940.575021
921.751034
901.025688
901.025688
906.084312
906.084312
906.084312
906.084312
941.209753
873.423071
873.423071
873.423071
873.423071
914.080736
951.272459
892.497942
892.497942
873.652366
873.652366
871.676791
909.155427
948.784542
906.084312
906.084312
942.108498
942.108498
950.851085
939.778241
916.128638
916.128638
932.430363
932.430363
937.943103
937.943103
981.638857
951.106563
980.590220
949.706732
949.706732
942.807743
935.290719
935.290719
880.913819
879.307650
880.913819
880.913819
938.512881
938.512881
917.458504
892.098123
892.098123
906.084312
906.084312
906.084312
906.024427
906.024427
906.084312
893.984193
893.984193
875.008479
921.615142
861.198415
933.281256
933.281256
933.281256
933.970628
933.970628
938.316298
938.316298
934.922670
931.338230
892.916948
892.916948
865.047164
865.047164
865.047164
865.047164
958.700535
929.299174
911.633249
940.263999
919.744100
906.084312
906.084312
906.084312
906.084312
906.084312
906.084312
937.386218
935.290719
935.290719
906.084312
946.468603
952.370076
916.312850
932.830360
938.316298
948.949747
946.468603
916.312850
916.312850
940.717653
940.717653
931.908154
886.592862
886.592862
929.457943
931.908154
927.842848
906.084312
901.025688
906.084312
911.837844
885.732814
885.732814
885.732814
906.084312
906.084312
906.084312
925.630103
906.084312
953.865749
953.865749
928.510015
953.865749
971.806526
971.806526
946.468603
946.468603
938.316298
938.316298
920.876671
938.316298
935.091662
946.468603
935.290719
935.290719
929.959891
944.040435
944.040435
931.165753
942.024136
934.881861
934.881861
941.664353
931.558905
941.664353
895.730033
895.730033
895.730033
895.730033
965.059759
965.059759
951.005082
877.046520
943.071490
943.071490
943.071490
919.686868
943.071490
967.953433
900.980445
900.980445
900.980445
925.089837
925.089837
925.089837
930.762211
863.729222
863.729222
920.149330
923.251677
923.251677
961.995662
961.995662
944.921334
893.206270
923.938484
923.938484
923.938484
923.938484
882.288821
947.642555
964.662439
944.366263
928.972578
906.084312
906.084312
939.264500
955.665209
944.550006
937.006653
930.447803
906.084312
912.736858
955.098679
929.381995
895.175351
895.175351
924.054459
924.054459
924.054459
949.352898
941.817106
906.084312
937.741224
937.741224
961.898301
913.537638
913.537638
913.537638
913.537638
906.084312
930.010338
915.452659
938.316298
938.316298
946.468603
906.084312
949.759202
909.197422
949.759202
949.759202
949.759202
949.759202
933.358782
940.038264
914.349203
914.349203
919.785651
919.785651
919.785651
919.785651
938.316298
938.316298
933.833607
933.833607
928.581878
928.581878
946.468603
951.614800
951.614800
931.834116
905.546050
879.307650
905.546050
918.443762
897.030118
897.030118
897.030118
897.030118
897.030118
880.564066
880.564066
880.564066
880.564066
880.564066
880.564066
880.564066
906.084312
901.025688
901.025688
901.025688
892.143227
906.084312
906.084312
906.084312
901.025688
901.025688
901.025688
901.025688
895.565496
892.901649
895.565496
892.901649
892.901649
932.522479
926.055062
926.055062
966.674852
910.807003
920.426425
942.889883
970.156107
952.278201
921.206191
929.110473
940.451089
940.451089
940.451089
940.451089
948.524896
948.524896
923.803272
933.466736
955.436547
895.767111
895.767111
906.084312
906.084312
906.084312
906.084312
906.084312
906.084312
906.084312
906.084312
906.084312
938.316298
938.316298
900.736148
900.736148
882.160892
900.736148
900.736148
900.736148
896.278028
896.278028
878.492556
878.492556
896.278028
906.084312
960.605970
946.494208
946.494208
946.494208
938.778558
932.690328
917.260955
917.260955
906.084312
906.084312
906.084312
926.380163
926.380163
935.925001
926.380163
927.021873
944.069830
943.636130
942.780420
906.084312
906.084312
946.468603
946.468603
913.203252
913.203252
944.536665
952.083848
952.083848
898.416070
898.416070
923.545642
924.929887
924.929887
933.931431
906.084312
906.084312
898.615880
939.435249
939.435249
961.840576
914.847174
910.536945
906.084312
906.084312
906.084312
894.240616
894.240616
894.240616
892.577697
919.088815
896.278028
896.278028
896.278028
896.278028
896.278028
918.036565
906.084312
920.653569
937.710421
908.179810
884.460744
884.460744
930.017674
930.017674
930.017674
930.017674
907.154035
918.248700
938.316298
938.316298
928.426201
881.534748
881.534748
928.510015
928.510015
911.837844
911.837844
902.794884
902.794884
906.084312
906.084312
906.084312
906.084312
906.084312
906.084312
906.084312
926.128597
926.128597
917.622501
938.316298
906.084312
935.596153
935.596153
941.697983
938.652588
938.316298
920.653569
920.653569
933.131567
919.552580
911.837844
906.084312
906.084312
906.084312
944.179589
911.837844
911.837844
911.837844
970.163531
920.942195
920.942195
912.125451
958.752457
921.488642
921.488642
921.488642
922.710262
922.710262
879.930718
879.930718
879.930718
879.930718
879.930718
925.813488
925.813488
906.084312
906.084312
906.084312
951.635773
951.635773
906.084312
906.084312
930.581146
904.996764
904.996764
905.836958
905.836958
906.084312
889.555539
906.084312
906.084312
906.084312
906.084312
914.943065
937.487709
938.316298
908.066068
908.066068
908.295002
883.220673
910.629540
906.084312
906.084312
906.084312
906.084312
906.084312
906.084312
881.124445
881.124445
881.124445
881.124445
946.468603
906.084312
906.084312
906.084312
917.350702
917.350702
926.781629
926.781629
926.781629
889.996393
911.843543
911.843543
932.594412
932.594412
906.084312
922.314288
924.903750
906.084312
906.084312
884.393730
884.393730
900.061314
900.061314
909.732350
938.316298
938.316298
918.705393
948.784542
967.839690
967.839690
938.183174
906.084312
906.084312
925.682584
925.682584
902.678740
902.678740
934.881861
919.029596
959.293577
945.724214
932.430363
930.268253
930.268253
946.468603
946.468603
919.048713
944.867942
899.327794
918.693270
868.598890
868.598890
881.305652
881.305652
881.305652
881.305652
906.084312
939.088606
896.434948
896.434948
935.871207
935.871207
935.871207
975.157976
901.661386
901.661386
964.707421
989.502228
959.270114
944.165286
964.550402
961.687467
955.069035
964.550402
967.594155
916.024147
916.024147
901.025688
891.412710
891.412710
891.412710
896.931134
896.931134
891.412710
931.812749
925.334892
925.334892
900.402571
900.402571
896.820790
896.820790
955.017246
955.017246
897.341063
952.945761
946.468603
911.337321
911.337321
898.615880
947.106501
923.348950
906.084312
906.084312
906.084312
936.149193
936.149193
960.163483
976.890276
971.325516
933.803817
933.803817
933.803817
934.287643
934.287643
928.507376
928.507376
928.507376
928.210517
934.287643
891.348344
868.748459
868.748459
970.407218
938.316298
930.161630
930.161630
930.161630
917.961843
906.084312
885.507433
916.215345
918.403658
908.108748
908.108748
905.546050
921.491190
921.935072
946.468603
946.468603
946.468603
930.233862
930.233862
930.233862
930.233862
937.790789
937.790789
927.305851
927.305851
908.796762
896.106214
896.106214
896.106214
896.106214
935.207956
942.443055
954.696759
906.084312
906.084312
906.084312
920.653569
902.383374
902.383374
964.083512
964.083512
896.710449
896.710449
896.710449
896.710449
896.710449
896.710449
958.527909
959.293577
964.431165
959.957587
954.005850
959.957587
898.269482
898.269482
906.084312
878.669746
