greedy
429974.877
345941.329
279753.634
234440.947
203391.768
186505.264
178019.869
176421.512
168687.289
165835.231
163268.587
160452.360
157042.457
153220.789
145690.801
150111.065
146135.815
144693.232
143895.122
140659.357
141725.174
140074.649
139791.754
137207.698
138699.758
134563.555
134519.919
132524.398
132524.398
132524.398
133198.608
130786.323
130517.466
128308.145
129523.004
124740.842
127460.736
127460.736
125717.547
122511.517
122511.517
122511.517
122590.903
119938.064
119781.893
119781.893
122116.036
122348.386
123032.127
123032.127
123766.852
120421.333
120421.333
123385.550
124130.166
122669.963
124209.004
126334.609
124139.191
124588.654
121548.653
121548.653
119556.393
123021.007
120364.505
120187.601
119411.506
117443.033
115456.450
115456.450
116369.755
116369.755
117371.881
114633.165
116640.014
115610.405
115610.405
116118.116
113496.533
116009.978
112725.033
112111.879
110752.736
110752.736
110752.736
112018.751
113372.117
110020.768
111001.959
111001.959
111001.959
111001.959
111235.938
111235.938
110171.836
108964.027
108964.027
108254.324
108879.656
108879.656
108879.656
108879.656
108879.656
106095.850
108746.495
108908.872
108908.872
106317.027
106545.603
109257.382
108764.944
106366.574
106733.496
106709.202
106709.202
101882.224
104582.260
103001.224
100791.918
100791.918
102967.693
99290.5917
99290.5917
103124.010
103124.010
104605.412
102471.553
104926.503
103837.085
102466.890
103294.067
103565.804
102391.411
100071.238
100368.876
100368.876
99195.1244
99195.1244
99195.1244
99401.9573
98597.1383
98597.1383
98654.5550
98982.6372
98722.8068
97429.4234
96895.2755
98241.6619
97324.1759
97582.6148
98205.0817
98580.2539
99772.5151
99772.5151
99352.6814
98361.2946
98361.2946
98361.2946
97240.2168
97879.7399
99345.3721
99759.9785
100653.569
98858.1593
101069.365
100195.000
98627.7961
98732.8097
98732.8097
97268.8078
98046.1077
100762.485
98733.0789
96419.7557
97339.6935
97339.6935
97281.9372
97281.9372
97281.9372
97973.0188
97559.9316
97064.3357
94981.6787
96141.1751
96141.1751
97907.9820
97681.8909
97380.8854
97380.8854
97079.5570
97520.2508
96301.3360
96301.3360
97654.8733
98411.0445
97312.1804
97312.1804
95633.4289
97205.1845
95638.1958
96394.4212
96933.7884
97058.5461
97132.7080
95721.0135
95721.0135
96255.6187
96255.6187
95475.1728
96255.6187
96255.6187
94784.8368
93669.8657
92781.0755
92781.0755
93961.5234
91967.1359
93687.4302
92753.0168
92918.8848
92858.0420
91955.8430
91987.9861
92090.1709
92394.5418
90652.1195
91130.8807
90328.1878
90328.1878
90328.1878
90328.1878
90730.9563
90730.9563
90730.9563
91057.1103
91425.3267
91120.5717
91120.5717
90886.7479
89648.9797
89648.9797
90025.5464
90029.9053
89602.8089
89076.5790
89602.8089
89226.1574
89613.6649
89613.6649
90007.0036
89768.7133
89596.1491
89170.9970
89170.9970
89895.8732
89895.8732
89427.4464
89256.3201
89585.0675
89353.8031
89353.8031
88907.6465
88863.8884
88798.2044
89519.1380
88926.1943
88926.1943
89108.4922
88805.2940
87925.5358
88829.0863
88757.8011
89200.6431
88788.8188
88968.7015
88782.6531
88558.5390
88771.2769
88771.2769
88771.2769
88646.2558
88614.9175
88614.9175
88378.3953
87948.8397
87948.8397
87948.8397
88726.7755
88639.5081
88776.0619
88474.6767
88474.6767
88474.6767
88614.6349
88614.6349
88357.8058
88593.3201
88576.4275
88219.4845
88588.3277
88417.3558
88663.6103
88663.6103
88915.1495
88694.5692
88694.5692
88553.9705
88518.1924
87943.1854
88651.1831
88509.1065
88569.0145
88590.9663
88549.6000
88547.4172
88547.4172
88516.7563
88270.1177
88618.9995
88618.9995
88691.3895
88712.2103
88727.5676
88514.4708
88514.4708
88614.7451
88566.5668
88618.8215
88338.5699
88556.2653
88636.5977
88636.5977
88487.2104
88393.9251
88363.4761
88252.9351
88252.9351
88287.1746
87785.2586
87998.9430
87990.1928
87970.6091
87956.2168
87785.2586
87785.2586
87990.1928
87998.9430
87785.2586
87990.0819
88252.9351
88252.9351
88184.1269
87488.3704
87488.3704
87497.1206
87497.1206
87747.5521
87747.5521
88299.8262
87747.5521
87747.5521
87488.3704
88163.5127
87747.5521
87497.1206
87488.3704
87488.3704
87497.1206
88303.1013
88299.8262
87747.5521
88173.5712
88322.3973
88322.3973
88325.7695
88408.9154
88408.9154
87488.3704
87488.3704
87488.3704
88095.4081
87747.5521
88325.7695
87747.5521
87488.3704
88095.4081
87747.5521
87488.3704
88325.7695
87941.5626
87747.5521
87488.3704
87497.1206
87747.5521
88163.5127
88163.5127
88299.8262
87497.1206
87488.3704
88095.4081
87488.3704
87941.5626
88173.5712
87747.5521
87488.3704
87488.3704
87488.3704
87488.3704
87488.3704
87488.3704
87747.5521
87747.5521
88485.8175
88173.5712
88173.5712
87488.3704
87488.3704
87941.5626
88173.5712
88173.5712
88173.5712
87497.1206
87488.3704
87488.3704
87488.3704
87747.5521
87488.3704
87488.3704
87941.5626
87497.1206
87488.3704
88163.5127
88163.5127
87497.1206
87497.1206
87497.1206
87497.1206
87497.1206
88303.1013
88173.5712
87941.5626
88173.5712
88303.1013
88173.5712
87488.3704
88426.5094
88299.8262
88299.8262
87497.1206
87747.5521
87488.3704
87488.3704
87941.5626
88325.7695
87497.1206
87488.3704
87488.3704
87497.1206
87497.1206
87497.1206
87497.1206
88173.5712
88299.8262
87941.5626
87941.5626
87747.5521
88414.3701
87488.3704
88095.4081
88416.7088
87941.5626
88379.5892
88095.4081
88299.8262
88173.5712
87941.5626
87497.1206
88095.4081
87747.5521
87747.5521
87747.5521
87747.5521
87488.3704
87488.3704
87488.3704
87488.3704
87497.1206
87488.3704
88173.5712
88095.4081
88163.5127
88163.5127
87497.1206
87747.5521
87497.1206
87497.1206
88173.5712
88163.5127
87488.3704
87488.3704
88095.4081
88163.5127
87497.1206
88299.8262
88299.8262
87497.1206
87941.5626
87941.5626
88173.5712
87497.1206
87497.1206
87497.1206
87497.1206
87497.1206
87497.1206
88379.5892
88322.3973
87497.1206
87497.1206
87497.1206
87747.5521
87488.3704
87488.3704
87488.3704
87488.3704
87488.3704
87941.5626
88414.3701
88416.7088
88322.3973
88173.5712
87497.1206
88095.4081
87747.5521
87941.5626
87488.3704
87941.5626
88303.1013
87497.1206
88095.4081
87497.1206
87488.3704
88163.5127
88390.0757
87497.1206
88299.8262
88322.3973
88322.3973
88322.3973
88322.3973
88322.3973
88299.8262
87488.3704
87747.5521
88095.4081
88095.4081
87488.3704
88173.5712
87747.5521
87497.1206
87497.1206
87497.1206
87747.5521
88299.8262
87488.3704
87488.3704
87488.3704
87488.3704
87488.3704
87488.3704
87488.3704
87488.3704
87488.3704
88379.5892
88322.3973
87488.3704
87488.3704
88173.5712
87941.5626
88163.5127
88163.5127
88485.8175
88325.7695
87488.3704
87497.1206
87497.1206
87497.1206
88163.5127
88163.5127
88655.1187
87941.5626
87941.5626
87941.5626
88322.3973
87497.1206
87941.5626
87488.3704
88163.5127
88163.5127
87941.5626
87941.5626
87941.5626
88095.4081
87747.5521
88322.3973
88322.3973
87941.5626
88414.3701
87488.3704
87488.3704
88299.8262
87488.3704
87488.3704
88426.5094
88299.8262
87747.5521
88095.4081
88379.5892
88163.5127
87941.5626
87747.5521
88173.5712
87488.3704
87488.3704
87488.3704
87488.3704
87488.3704
87488.3704
88173.5712
87488.3704
87497.1206
87497.1206
87497.1206
87747.5521
87488.3704
87488.3704
88303.1013
87941.5626
88163.5127
88322.3973
88426.5094
88303.1013
87488.3704
88414.3701
88379.5892
88299.8262
88322.3973
87497.1206
88322.3973
88445.6105
88095.4081
88095.4081
87488.3704
87941.5626
87941.5626
87941.5626
87747.5521
88325.7695
88325.7695
88095.4081
87488.3704
88095.4081
88095.4081
87497.1206
87497.1206
87497.1206
87747.5521
87747.5521
87747.5521
87747.5521
87747.5521
87497.1206
87488.3704
88390.0757
87747.5521
87747.5521
88303.1013
87747.5521
87497.1206
87497.1206
87497.1206
87497.1206
87747.5521
87747.5521
88095.4081
87941.5626
87497.1206
87488.3704
87941.5626
87941.5626
88325.7695
87488.3704
87488.3704
87747.5521
87747.5521
88095.4081
87488.3704
88390.0757
87488.3704
87747.5521
88163.5127
88163.5127
88163.5127
87488.3704
87488.3704
87488.3704
88173.5712
87747.5521
88390.0757
87497.1206
87488.3704
87488.3704
87488.3704
87488.3704
87488.3704
87488.3704
87488.3704
87488.3704
87497.1206
87747.5521
88445.6105
88299.8262
88299.8262
87488.3704
87497.1206
87497.1206
87488.3704
87488.3704
88173.5712
88390.0757
87941.5626
87488.3704
87488.3704
87488.3704
87488.3704
87488.3704
87941.5626
87941.5626
88416.7088
88379.5892
88173.5712
87747.5521
87497.1206
88095.4081
88095.4081
88095.4081
88322.3973
88299.8262
87488.3704
87488.3704
88299.8262
88379.5892
88095.4081
88325.7695
88379.5892
87488.3704
87747.5521
87941.5626
88095.4081
88303.1013
87497.1206
87488.3704
87488.3704
87941.5626
87488.3704
87488.3704
87488.3704
87497.1206
87747.5521
87747.5521
87747.5521
87747.5521
87747.5521
87747.5521
88095.4081
87497.1206
87747.5521
87747.5521
87747.5521
87747.5521
88299.8262
87747.5521
88325.7695
87747.5521
87497.1206
87497.1206
88325.7695
88173.5712
87747.5521
87497.1206
87497.1206
87941.5626
87941.5626
87497.1206
88095.4081
87488.3704
87488.3704
87488.3704
88414.3701
87488.3704
87497.1206
87497.1206
88390.0757
88379.5892
88095.4081
87941.5626
87488.3704
88173.5712
88299.8262
88325.7695
88163.5127
88299.8262
88095.4081
88095.4081
88095.4081
88095.4081
88322.3973
87747.5521
87941.5626
87941.5626
88095.4081
87941.5626
88173.5712
88303.1013
88379.5892
88173.5712
88163.5127
88218.2323
88173.5712
87497.1206
87747.5521
87747.5521
87747.5521
87488.3704
88277.6788
88136.3921
88205.3874
88205.3874
88095.4081
87757.5548
88405.3125
88095.4081
88139.0500
87757.5548
88134.0891
87921.0164
88095.4081
88134.0891
87525.5121
87525.5121
87525.5121
87863.7698
88139.0500
87744.5649
87744.5649
87744.5649
87714.6571
87714.6571
87714.6571
87688.1013
87688.1013
87948.8303
87801.9520
88014.2178
87801.9520
88077.4524
88077.4524
88130.2268
88107.1070
87801.9520
87801.9520
87729.5965
88107.1070
87757.5548
88088.9102
87831.8598
88000.9347
87980.3453
88014.2178
88014.2178
87729.5965
87801.9520
88088.9102
88257.7721
88283.0104
87729.5965
88124.5873
87991.6813
87801.9520
87801.9520
87801.9520
87729.5965
88077.4524
87801.9520
87801.9520
87801.9520
88124.5873
87801.9520
87831.8598
88296.9387
87991.6813
87991.6813
87991.6813
88191.1024
88191.1024
88130.2268
88077.4524
88088.9102
87831.8598
87831.8598
88077.4524
88077.4524
88088.9102
88191.1024
87729.5965
87729.5965
87729.5965
87801.9520
88124.5873
87801.9520
88088.9102
88014.2178
87831.8598
87831.8598
88077.4524
88014.2178
87831.8598
88130.2268
88077.4524
88124.5873
87991.6813
88077.4524
88014.2178
87801.9520
87801.9520
87729.5965
87991.6813
87831.8598
88257.7721
87991.6813
88014.2178
87991.6813
88014.2178
87729.5965
87729.5965
87991.6813
88124.5873
88130.2268
88277.7740
87801.9520
87831.8598
88088.9102
88256.5018
88124.5873
87900.4052
87729.5965
87801.9520
87871.9234
88283.0951
87801.9520
87729.5965
87672.3650
88151.5253
87994.6318
88078.2989
87900.4052
87900.4052
87802.7985
87802.7985
87730.4429
87730.4429
87730.4429
87730.4429
88057.9904
88162.5965
88089.7567
87802.7985
88160.0060
88162.5965
87931.9861
87730.4429
88015.0643
87994.6318
88015.0643
88160.0060
87730.4429
87730.4429
87730.4429
87730.4429
87730.4429
87832.7063
87730.4429
88089.7567
88089.7567
87832.7063
88131.0733
87832.7063
87832.7063
87832.7063
87832.7063
pm
538403.284
531308.912
533129.443
532917.940
530957.274
528639.992
528639.992
530754.076
528116.221
527893.478
525750.492
526772.574
527490.102
526630.286
521793.709
520263.430
525805.611
525909.187
521803.594
523170.276
520096.750
525017.209
521039.449
523010.787
523423.805
522248.426
522248.426
525196.847
525642.982
521749.067
522378.886
522378.886
522378.886
522378.886
517292.433
517292.433
517292.433
517292.433
517315.552
519445.791
513685.967
515867.897
515867.897
508399.619
508399.619
508399.619
507926.980
516210.310
510586.603
510586.603
511134.266
514130.607
508868.720
507851.104
506918.464
505228.602
505956.277
507385.705
505482.781
504627.598
503240.123
504149.390
502528.565
499859.092
500971.270
500971.270
503173.568
501459.566
501459.566
499325.099
495801.705
495801.705
500803.390
500309.881
497591.253
498149.776
497511.445
498149.776
494363.882
494363.882
494363.882
488410.968
485967.610
487689.495
488873.222
488873.222
489008.030
489008.030
485331.233
486672.757
486672.757
490539.297
490539.297
489559.880
489559.880
486752.846
486752.846
489928.081
491259.013
492676.142
491827.320
492235.468
488568.625
491398.095
488464.557
491334.772
491334.772
491334.772
490696.090
491068.548
490471.491
492530.353
489609.460
489609.460
485176.401
485176.401
488240.173
490773.655
489971.657
490773.655
490773.655
488108.966
487178.007
487178.007
487426.543
485269.125
485269.125
482422.981
482422.981
484649.368
483963.325
486193.143
486193.143
488650.869
488243.463
488414.524
485175.898
484660.254
484940.109
480818.248
480818.248
480818.248
485610.799
483229.515
487395.804
487520.580
487520.580
485748.900
484720.896
484720.896
483973.713
484695.418
482391.841
485663.548
485663.548
485425.067
484212.692
483245.605
480952.060
479093.192
479093.192
477777.383
483704.953
482648.128
481217.933
480263.583
483873.175
480211.323
480802.681
481995.065
481546.627
481546.627
478799.538
475306.568
474198.517
474198.517
476047.019
477096.715
476976.846
475009.594
477732.289
474724.556
477830.443
478079.346
470944.227
468891.965
472115.678
472115.678
472115.678
470227.168
470227.168
471281.617
474235.532
473977.668
471602.043
471221.632
471221.632
471756.484
469646.277
468387.612
469044.237
466826.496
466826.496
467856.069
467008.971
467856.069
467856.069
467639.456
466624.637
468831.640
467625.928
465346.494
465346.494
464782.196
466827.046
461167.197
463289.452
460488.877
464185.423
464419.336
465091.930
465092.467
462155.026
460673.842
460387.529
462958.506
460601.810
457075.703
457075.703
459818.178
458102.165
460993.304
453307.460
459070.710
458583.435
458173.076
457084.133
455482.437
455482.437
453917.279
453917.279
454440.403
452189.516
452086.123
451404.316
451040.507
452347.016
451397.569
449288.528
447085.792
447085.792
447849.046
448256.874
448022.445
439767.115
442509.206
442509.206
445048.259
445048.259
445306.028
450028.308
448288.365
446152.192
445957.787
443031.638
443031.638
443031.638
445816.192
446388.471
446549.272
445699.755
444927.934
444927.934
445344.136
443656.391
447418.542
442793.761
442793.761
445452.038
445604.215
445908.202
445570.109
444466.936
440867.914
446937.901
445220.613
444920.911
446392.599
445105.223
444080.434
445005.867
445005.867
445727.841
443011.421
443995.464
444884.977
442483.334
440173.991
440862.403
440862.403
436937.439
436937.439
441223.055
438220.836
439157.753
439157.753
437269.047
436857.613
435942.925
437868.222
437836.228
437227.832
436508.572
436633.002
436633.002
436074.122
434489.920
432314.716
435112.030
435112.030
435112.030
435334.653
435070.402
431760.950
431760.950
431075.547
431075.547
431075.547
431075.547
431075.547
429370.537
428985.138
428985.138
429232.926
429782.560
429736.952
426620.270
426909.363
426909.363
426909.363
426310.188
426310.188
425440.316
425440.316
425892.606
424789.975
422259.179
420991.484
420991.484
422660.603
422660.603
423296.172
423753.426
421897.415
422020.141
420987.182
420135.614
420135.614
420825.205
420932.626
421965.073
421965.073
421158.305
420482.772
420482.772
417924.309
417332.052
418629.431
418629.431
418629.431
419225.140
418534.130
418527.489
416388.437
416794.053
417148.002
417032.591
416155.115
415899.601
415899.601
416483.989
415736.853
412192.774
412192.774
411499.575
411499.575
411677.439
411602.923
411850.350
410122.197
410013.436
410116.751
409652.871
409652.871
409416.798
409416.798
408200.619
406472.631
408774.853
409035.876
407228.694
405965.804
405965.804
407041.060
406080.678
406099.932
407103.613
404765.502
404458.482
404785.219
405750.962
404834.400
403832.089
403832.089
404762.742
403902.511
403430.779
403430.779
402782.225
403267.048
403234.359
403034.170
402215.685
402104.949
402215.685
402215.685
402215.685
401549.200
401174.492
401135.874
401008.054
401174.492
400885.560
400885.560
400885.560
400885.560
400885.560
400885.560
400676.165
400620.592
400846.942
400846.942
400846.942
400846.942
400846.942
400846.942
400846.942
400846.942
400846.942
400846.942
400846.942
400846.942
400846.942
400846.942
400846.942
400846.942
400846.942
400846.942
400846.942
400846.942
400846.942
400846.942
400846.942
400846.942
400643.224
400643.224
400643.224
400643.224
400643.224
400643.224
400643.224
400643.224
400643.224
400643.224
400643.224
400643.224
400643.224
400643.224
400643.224
400643.224
400643.224
400643.224
400643.224
400643.224
400643.224
400643.224
400643.224
400643.224
400643.224
400643.224
400643.224
400643.224
400643.224
400643.224
400599.193
400643.224
400643.224
400643.224
400643.224
400643.224
400643.224
400643.224
400643.224
400643.224
400643.224
400643.224
399851.379
399851.379
399851.379
399851.379
399851.379
399851.379
399851.379
399851.379
399851.379
399277.838
399277.838
398320.852
399277.838
399277.838
399277.838
399277.838
399277.838
399277.838
399277.838
399277.838
399277.838
399277.838
399277.838
399277.838
399277.838
399277.838
399277.838
399277.838
399277.838
399277.838
399277.838
399277.838
399277.838
399277.838
399277.838
399277.838
399277.838
399078.317
399078.317
399078.317
398335.936
398335.936
398335.936
398335.936
398136.415
397851.701
397709.743
397376.685
397376.685
397376.685
396892.450
396892.450
396757.539
396419.017
396419.017
396419.017
396419.017
396284.107
395809.615
395809.615
395336.182
395284.814
395284.814
395284.814
394811.382
394811.382
394811.382
394811.382
394811.382
394811.382
394811.382
394811.382
394811.382
394811.382
394811.382
394811.382
394811.382
394811.382
394811.382
394811.382
394811.382
394811.382
394811.382
394811.382
394811.382
394811.382
394811.382
394811.382
394811.382
394811.382
394811.382
394811.382
394811.382
394811.382
394811.382
394811.382
394811.382
394811.382
394811.382
394811.382
394811.382
394811.382
394811.382
394771.945
394771.945
394771.945
394771.945
394771.945
394771.945
394771.945
394771.945
394771.945
394771.945
394771.945
394771.945
394771.945
394596.696
394596.696
394596.696
394596.696
394596.696
394596.696
394596.696
394596.696
394596.696
394422.619
394422.619
394422.619
394422.619
394422.619
394422.619
394302.356
394302.356
394422.619
394422.619
394422.619
394422.619
394422.619
394422.619
394422.619
394422.619
394422.619
394422.619
394422.619
394422.619
394422.619
394422.619
394422.619
394422.619
394422.619
394422.619
394422.619
394422.619
394422.619
394422.619
394422.619
394422.619
394422.619
394422.619
394422.619
394422.619
394422.619
393262.812
393262.812
393262.812
393262.812
393262.812
393262.812
393262.812
393262.812
393262.812
393119.776
392187.323
392187.323
393119.776
393119.776
393119.776
393119.776
393119.776
393098.122
393098.122
393098.122
393098.122
393098.122
393098.122
392626.920
392189.976
392189.976
391904.477
391904.477
391904.477
391904.477
391904.477
391904.477
391718.926
391718.926
391533.870
391533.870
390626.425
390626.425
390626.425
390626.425
390626.425
390626.425
390626.425
390626.425
390468.483
390468.483
390468.483
390468.483
390468.483
390468.483
390468.483
390468.483
390468.483
390468.483
390468.483
390468.483
390468.483
390468.483
390468.483
390468.483
390468.483
390468.483
390468.483
390468.483
390468.483
390468.483
390468.483
390468.483
390468.483
390468.483
390468.483
390468.483
390468.483
390468.483
390468.483
390468.483
390468.483
390468.483
390468.483
390468.483
390468.483
390468.483
390468.483
390468.483
390468.483
390468.483
390468.483
390468.483
390468.483
390201.745
390468.483
390468.483
390468.483
390468.483
390468.483
390468.483
390468.483
390468.483
390468.483
390468.483
390468.483
390468.483
390468.483
390468.483
390468.483
390468.483
390468.483
390468.483
390468.483
390468.483
390468.483
390468.483
390277.819
390277.819
390277.819
390277.819
390277.819
390277.819
390277.607
390005.077
390005.077
390005.077
390005.077
390005.077
390005.077
390005.077
390005.077
390005.077
390005.077
390005.077
390005.077
390005.077
390005.077
390005.077
390005.077
390005.077
390005.077
390005.077
390005.077
390005.077
390005.077
389632.175
389758.955
389758.955
389758.955
389758.955
389758.955
389758.955
389758.955
389563.479
389563.479
389187.426
389187.426
389187.426
389187.426
389187.426
389106.624
389167.219
388401.305
388401.305
388401.305
388401.305
388401.305
388401.305
388401.305
388401.305
388401.305
388401.305
388401.305
388401.305
388401.305
388401.305
388401.305
388401.305
388401.305
388401.305
388401.305
388401.305
388401.305
388401.305
388401.305
388401.305
388401.305
388401.305
388401.305
388401.305
388401.305
388401.305
388401.305
388401.305
388401.305
388399.792
388399.792
388399.792
388399.792
388399.792
388293.964
387953.758
388146.945
388146.945
388146.945
388146.945
388146.945
388146.945
388146.945
388146.945
388146.945
388146.945
388146.945
388146.945
388146.945
388146.945
388146.945
388146.945
388146.945
388146.945
388146.945
388146.945
388146.945
388146.945
388146.945
388146.945
388146.945
388146.945
388146.945
388146.945
388146.945
388146.945
388146.945
388146.945
388146.945
388146.945
388146.945
388146.945
388146.945
388000.428
388000.428
388146.945
388146.945
388146.945
388146.945
388146.945
388146.945
388146.945
388146.945
388146.945
388146.945
388146.945
388146.945
388146.945
388146.945
388146.945
388146.945
388146.945
388146.945
388146.945
388146.945
388146.945
388146.945
388146.945
388146.945
388146.945
388146.945
388146.945
388146.945
388146.945
388146.945
388146.945
388146.945
388146.945
388146.945
388146.945
388146.945
388146.945
388146.945
388146.945
388146.945
388146.945
388146.945
388146.945
388146.945
388146.945
388146.945
388146.945
388146.945
388146.945
388146.945
388146.945
388146.945
388146.945
388146.945
388146.945
388146.945
388146.945
388146.945
388146.945
388146.945
388146.945
388146.945
388146.945
388146.945
388146.945
388146.945
388146.945
388146.945
388146.945
388146.945
388146.945
388146.945
388146.945
388146.945
388146.945
388146.945
388146.945
388146.945
388146.945
388146.945
388146.945
388146.945
388146.945
388146.945
388146.945
388146.945
388146.945
388146.945
388146.945
388146.945
388146.945
388146.945
387566.790
387566.790
387566.790
cycle
535624.461
527955.279
531085.461
531085.461
528065.305
528065.305
530175.321
530433.300
524774.248
524774.248
524507.415
524507.415
524464.455
524464.455
524464.455
523927.084
523927.084
523927.084
523153.811
518072.288
518072.288
518072.288
518072.288
518072.288
518344.851
518344.851
514938.779
514938.779
514938.779
515697.858
513108.007
512151.644
511474.768
512308.524
511827.482
510520.061
505907.866
510035.109
503424.105
505256.101
505085.342
505085.342
505085.342
505085.342
505085.342
504856.562
503146.244
503146.244
493289.740
493289.740
493289.740
493289.740
493289.740
493289.740
492828.432
492828.432
492828.432
488829.963
488215.400
488215.400
487963.461
487270.106
487270.106
487270.106
487270.106
487270.106
487270.106
487270.106
487270.106
487270.106
487270.106
487270.106
487270.106
485755.335
485755.335
485755.335
485755.335
485569.708
485569.708
485315.542
485098.331
485098.331
485098.331
485098.331
485098.331
484880.862
484880.862
484745.570
484155.087
484155.087
483684.323
481819.474
481819.474
481819.474
481819.474
481819.474
481272.086
481272.086
479504.549
479504.549
479504.549
479300.652
478107.420
477634.666
477634.666
477634.666
477634.666
477634.666
477634.666
477634.666
477634.666
477537.274
476916.743
476916.743
476916.743
476916.743
476916.743
476916.743
476916.743
476916.743
476916.743
476916.743
476132.138
476132.138
476132.138
476132.138
476132.138
475696.957
474902.603
473926.615
473926.615
473541.456
473926.615
473926.615
473926.615
473872.666
473778.952
473246.835
473246.835
473246.835
473246.835
473061.568
473061.568
473061.568
471713.153
471713.153
471713.153
471713.153
471713.153
471713.153
471713.153
471139.697
471139.697
471139.697
471139.697
471139.697
471139.697
471139.697
471139.697
471139.697
471139.697
471139.697
471139.697
471139.697
471139.697
471139.697
471139.697
471139.697
471139.697
471139.697
471139.697
471139.697
471139.697
471139.697
471139.697
471139.697
471032.917
471032.917
471032.917
470732.133
470070.138
470070.138
470070.138
469775.886
469710.969
469710.969
469596.711
469596.711
469596.711
469596.711
469596.711
469596.711
469596.711
469596.711
469596.711
469596.711
469596.711
469596.711
469596.711
469596.711
469596.711
469596.711
469596.711
469596.711
469596.711
469596.711
469596.711
469596.711
469596.711
469596.711
469596.711
469596.711
469596.711
469596.711
469596.711
469596.711
469596.711
469596.711
469596.711
469596.711
469596.711
467699.600
467699.600
467699.600
469596.711
469596.711
469596.711
469596.711
469596.711
469596.711
469596.711
469596.711
469596.711
469596.711
469596.711
469596.711
469596.711
469596.711
469596.711
469596.711
469596.711
469596.711
469311.602
469311.602
469311.602
469311.602
469311.602
468617.844
468617.844
468617.844
468617.844
468540.295
468540.295
468504.495
468504.495
468504.495
468504.495
468504.495
468504.495
468103.969
468103.969
468103.969
468103.969
468103.969
467632.278
467632.278
468032.804
467784.531
468032.804
467701.520
467135.615
467135.615
465849.063
465849.063
465849.063
465849.063
465849.063
465496.442
465815.800
465815.800
465815.800
465815.800
465815.800
465815.800
465815.800
465815.800
465815.800
465815.800
465815.800
465815.800
465815.800
465815.800
465815.800
465815.800
465815.800
465815.800
465815.800
465815.800
465815.800
465815.800
465815.800
465815.800
465815.800
465747.227
465815.800
465815.800
465815.800
465815.800
465815.800
465815.800
465815.800
465815.800
465815.800
465815.800
465815.800
465815.800
465815.800
465815.800
465815.800
465815.800
465815.800
465815.800
465815.800
465815.800
465815.800
465815.800
465815.800
465815.800
465815.800
465815.800
465815.800
465815.800
465815.800
465815.800
465815.800
465815.800
465815.800
465815.800
465815.800
465815.800
465815.800
465815.800
465815.800
465815.800
465560.666
465815.800
465654.693
465654.693
465815.800
465815.800
465815.800
465815.800
465815.800
465815.800
465815.800
465815.800
465815.800
465815.800
465815.800
465815.800
465451.974
465451.974
465451.974
465451.974
465451.974
465451.974
465451.974
465451.974
465451.974
465352.047
465352.047
465352.047
465352.047
465352.047
465352.047
465352.047
465329.969
465329.969
465329.969
465329.969
465329.969
465089.536
465089.536
465089.536
465089.536
465089.536
465089.536
465064.421
465064.421
465064.421
465089.536
465040.363
462672.064
462672.064
462672.064
462672.064
462672.064
462672.064
462672.064
462672.064
462672.064
462672.064
462672.064
462672.064
462672.064
462672.064
461561.375
461561.375
461561.375
461561.375
461561.375
461561.375
461561.375
461561.375
461561.375
461336.266
461336.266
461336.266
461336.266
461336.266
461336.266
461336.266
461336.266
461336.266
461336.266
461336.266
461336.266
461336.266
461336.266
461336.266
461336.266
461336.266
461336.266
461336.266
461336.266
461336.266
461336.266
461336.266
461336.266
461336.266
461336.266
461336.266
461336.266
461336.266
461336.266
461336.266
461336.266
461336.266
461336.266
461336.266
461336.266
461336.266
461336.266
461336.266
461336.266
461336.266
461336.266
461336.266
461336.266
461336.266
461336.266
461336.266
461336.266
461336.266
461336.266
461336.266
461336.266
461336.266
461336.266
461336.266
461336.266
461336.266
461336.266
461336.266
461336.266
461336.266
461336.266
461336.266
461336.266
461336.266
461336.266
461336.266
461336.266
461336.266
461336.266
461336.266
461336.266
461336.266
461336.266
461336.266
461336.266
461336.266
461336.266
461336.266
461336.266
461336.266
461336.266
461336.266
461336.266
461336.266
461336.266
461336.266
461336.266
461336.266
461336.266
461336.266
461336.266
461336.266
461336.266
461336.266
461336.266
461336.266
461336.266
461336.266
461336.266
461336.266
461336.266
461336.266
461336.266
461336.266
461336.266
461336.266
461336.266
461336.266
461336.266
461336.266
461336.266
461336.266
461336.266
461336.266
461336.266
461336.266
461336.266
461336.266
461336.266
461336.266
461336.266
461336.266
461336.266
461336.266
461336.266
461336.266
461336.266
461336.266
461336.266
461336.266
461336.266
461336.266
461336.266
461336.266
461336.266
461336.266
461336.266
461336.266
461336.266
461336.266
461336.266
460821.738
460821.738
460821.738
460821.738
460821.738
460821.738
460821.738
460821.738
460821.738
460821.738
460821.738
460612.765
460612.765
460612.765
460612.765
460612.765
460131.865
460131.865
460131.865
460131.865
460131.865
460080.593
459861.729
458868.553
458868.553
458868.553
458868.553
458868.553
458868.553
458614.353
458865.830
458865.830
458865.830
458865.830
458865.830
458865.830
458569.379
458569.379
458569.379
458569.379
458569.379
458569.379
458569.379
458569.379
458569.379
458569.379
458569.379
458338.173
458338.173
458338.173
458338.173
458338.173
458338.173
458338.173
458338.173
458338.173
458338.173
458338.173
458338.173
458338.173
458338.173
457667.210
457667.210
457667.210
457667.210
457667.210
457501.789
457501.789
457501.789
457501.789
457501.789
457501.789
457501.789
457501.789
457501.789
457501.789
457501.789
457501.789
457501.789
457501.789
457501.789
457501.789
457501.789
457501.789
457501.789
457501.789
457475.188
457475.188
457475.188
457475.188
457475.188
456323.910
456323.910
456323.910
456323.910
456323.910
456323.910
456323.910
455446.453
455446.453
455446.453
455446.453
455446.453
455446.453
455446.453
455446.453
455446.453
455446.453
455446.453
455446.453
455446.453
455446.453
455446.453
455446.453
455446.453
455446.453
455446.453
455446.453
455446.453
455446.453
455446.453
455446.453
455446.453
455446.453
455446.453
455446.453
455446.453
455446.453
455446.453
455446.453
455446.453
455446.453
455446.453
455446.453
454840.454
454840.454
454840.454
454840.454
454840.454
454840.454
454805.610
454805.610
454805.610
454805.610
454805.610
454805.610
454805.610
454805.610
454805.610
454805.610
454805.610
454805.610
454805.610
454805.610
454805.610
454805.610
454805.610
454805.610
454805.610
454805.610
454805.610
454805.610
454805.610
454805.610
454805.610
454805.610
454805.610
454805.610
454805.610
454805.610
454805.610
454805.610
454805.610
454805.610
454805.610
454805.610
454805.610
454805.610
454805.610
454805.610
454805.610
454805.610
454805.610
454805.610
454805.610
454805.610
454805.610
454805.610
454805.610
454805.610
454805.610
454805.610
453780.552
453780.552
453780.552
453780.552
453780.552
453780.552
453780.552
453780.552
453780.552
453780.552
453780.552
453780.552
453780.552
453780.552
453780.552
453780.552
453780.552
453780.552
453780.552
453780.552
453780.552
453780.552
453780.552
453780.552
453780.552
453780.552
453567.088
453567.088
453567.088
453567.088
453304.895
453304.895
453304.895
453304.895
453304.895
453304.895
453304.895
453304.895
453304.895
453304.895
453304.895
453304.895
453304.895
453304.895
453304.895
453304.895
453304.895
453304.895
453304.895
453304.895
453304.895
453304.895
453304.895
453304.895
453304.895
453304.895
453304.895
453304.895
453304.895
453304.895
453304.895
453304.895
453304.895
453304.895
453304.895
453304.895
453304.895
453304.895
453304.895
453304.895
453304.895
453304.895
453304.895
453304.895
453304.895
453304.895
453304.895
453304.895
453304.895
453304.895
453304.895
453304.895
453304.895
453304.895
453304.895
453304.895
453304.895
453304.895
453304.895
453304.895
453304.895
453304.895
452973.506
452973.506
452973.506
452973.506
452973.506
452808.534
452808.534
452808.534
452433.203
452433.203
452433.203
452433.203
452433.203
452433.203
451909.472
451909.472
451909.472
451909.472
451909.472
451909.472
451909.472
451909.472
451909.472
451909.472
451909.472
451523.464
451523.464
451523.464
451523.464
451523.464
451523.464
451523.464
451523.464
451523.464
451523.464
451523.464
451523.464
451523.464
451523.464
451523.464
451523.464
451523.464
451523.464
451523.464
451523.464
451523.464
451523.464
451523.464
451523.464
451523.464
451523.464
451523.464
451523.464
451523.464
451523.464
451523.464
451523.464
451523.464
451523.464
451523.464
451523.464
451523.464
451523.464
451523.464
451419.982
451419.982
451419.982
451419.982
451419.982
451419.982
451419.982
451419.982
450896.948
450896.948
450896.948
450896.948
450896.948
450888.577
450888.577
450888.577
450764.922
450764.922
450764.922
450764.922
450764.922
450764.922
450764.922
450764.922
450764.922
450764.922
450764.922
450764.922
450764.922
450764.922
450764.922
450764.922
450764.922
450764.922
450764.922
450764.922
450764.922
450764.922
450764.922
450764.922
450764.922
450764.922
450764.922
450764.922
450764.922
450764.922
450764.922
450764.922
450764.922
450764.922
450764.922
450764.922
450764.922
450764.922
450628.794
450628.794
450628.794
450628.794
450628.794
450143.471
450143.471
450143.471
450143.471
450143.471
450143.471
450143.471
450143.471
450143.471
450143.471
449639.015
449639.015
449639.015
449639.015
449639.015
449639.015
449639.015
449639.015
449639.015
449639.015
449639.015
449639.015
449639.015
449639.015
449639.015
449639.015
449639.015
449639.015
449639.015
449639.015
449639.015
449639.015
449639.015
449639.015
449639.015
449639.015
order
536361.904
531232.233
529878.638
525727.490
525727.490
523274.725
525893.714
518292.445
518292.445
518417.597
517114.404
517114.404
514400.104
513809.277
509768.902
515814.508
517281.026
515542.392
513078.682
515559.887
513778.900
509498.248
509498.248
509498.248
509498.248
510510.431
509148.516
502830.616
502830.616
502830.616
507812.949
507527.712
507527.712
507527.712
504779.220
505116.674
507440.479
507440.479
503121.389
508083.611
507291.474
505853.627
504621.981
504085.769
506161.451
507579.023
507579.023
507893.598
505204.536
505386.090
505386.090
503788.158
504907.235
505275.920
505335.364
505335.364
501132.585
501923.200
504362.219
502044.174
504554.731
503692.722
500770.961
502225.575
498753.389
498753.389
498753.389
499609.044
499249.141
499476.313
501415.087
496898.814
497619.467
488493.946
487900.381
487900.381
495401.196
492924.870
491973.630
491973.630
493060.343
495831.060
493103.397
494501.018
490251.969
490543.773
492435.994
491294.160
488602.440
488602.440
489158.814
481339.590
481339.590
488300.190
492954.550
486199.184
490181.469
490118.462
487575.054
489103.677
487740.219
487740.219
488599.991
488343.087
488324.961
488996.790
488722.964
488642.943
488957.912
490251.371
490208.969
488866.848
485110.436
480009.165
480009.165
480009.165
480009.165
481752.194
483582.715
483475.830
483475.830
483475.830
484847.672
484847.672
485710.842
483318.532
479679.618
480244.044
481785.932
481785.932
479828.849
479655.306
479348.350
477179.277
473076.173
470434.086
470434.086
470434.086
475882.766
471331.772
474141.720
474062.885
476454.871
475601.538
474238.316
469836.203
469836.203
468879.905
470887.808
470841.829
471005.719
471005.719
470909.112
470427.271
469178.230
467615.188
465090.014
465650.585
464388.181
467054.485
462485.723
461981.275
462374.205
461426.731
462374.205
461441.507
461905.788
460446.839
460446.839
459709.623
459709.623
459709.623
459065.190
454513.137
454513.137
457228.789
457228.789
457228.789
456014.744
454748.910
455329.601
457677.875
457199.267
457216.514
455580.049
454483.825
457380.167
453253.495
454493.942
453912.404
454493.942
453127.192
451805.382
451249.578
450114.718
449771.049
449771.049
448322.741
448322.741
448584.271
446346.929
449682.601
448488.065
448925.831
448925.831
447354.717
448989.857
445534.736
445534.736
445534.736
447078.600
446961.885
444752.295
444745.937
446464.515
445718.465
444126.634
445644.144
443449.900
443449.900
443449.900
442271.649
447981.417
447259.247
443492.623
443433.510
442840.533
443037.406
443037.406
441238.104
438460.752
442916.251
442916.251
442446.440
441291.773
443861.096
441935.328
441013.489
441013.489
443186.403
442097.152
445486.214
444816.406
442887.607
439074.388
435508.022
443086.754
439626.490
435637.460
435637.460
443242.636
441959.647
441959.647
439508.657
441959.647
441959.647
445079.624
443344.828
443564.589
442255.463
442255.463
440144.157
443045.892
442817.552
441508.602
442690.831
436683.543
444223.504
440527.979
440339.770
442401.365
441395.021
443928.623
442467.161
442095.893
442095.893
440658.023
441577.209
444950.158
441249.019
440654.983
439008.762
439008.762
443395.331
444006.344
444654.407
442504.835
436481.999
436418.920
441466.249
440174.923
440174.923
439673.191
439548.844
440426.719
441645.583
439271.242
441461.243
435212.085
436533.917
435683.994
435594.531
435594.531
435594.531
436600.264
435768.968
436336.830
436336.830
434470.306
434470.306
434470.306
436057.157
435526.735
434263.656
434263.656
433873.160
433594.872
434593.077
434593.077
435910.920
434578.685
433943.822
433969.465
433969.465
430423.730
431029.535
429549.064
429549.064
432324.464
427663.360
427663.360
430736.499
427529.025
425734.542
428195.614
424834.130
428195.614
428907.525
427833.261
427833.261
427833.261
427833.261
431082.744
429627.116
427551.588
427551.588
428577.684
428577.684
424829.377
427990.266
428560.114
429038.404
428471.240
428471.240
428471.240
428600.155
430285.132
426070.571
427626.073
430703.041
430800.715
431478.972
431889.309
427003.410
431030.469
429637.347
430786.614
430786.614
431394.786
431541.612
430087.158
430087.158
427333.189
427333.189
430482.264
431622.380
430583.773
430906.298
431539.806
425245.281
425245.281
428788.403
426238.441
429482.501
429695.086
427688.251
427688.251
428640.907
429944.554
430075.585
427963.672
428958.691
427636.715
427636.715
430548.111
430617.022
425935.425
427051.600
427051.600
427051.600
427051.600
429364.328
429364.328
429364.328
431961.184
430161.068
432376.631
429490.982
432586.455
429665.391
433187.454
431089.031
432447.188
431021.940
431235.766
432382.467
432382.467
432273.110
431957.332
431790.918
432243.050
432670.600
429969.842
429969.842
429969.842
430164.673
426201.829
430288.110
427553.659
428592.993
427676.251
427711.094
427941.644
422935.407
428167.947
428980.618
428401.405
428401.405
428363.082
428685.460
424642.901
425274.295
424942.429
424942.429
426150.318
426150.318
421575.249
423380.234
426242.352
426341.482
424938.892
423467.853
424333.131
425618.250
424973.991
422539.104
423674.237
421517.839
421517.839
423650.329
422600.598
421684.853
422867.538
422867.538
422867.538
422867.538
422867.538
422867.538
420658.541
420658.541
421538.126
418774.299
418544.893
418544.893
423080.850
421385.690
422260.340
420315.057
421826.759
421002.410
422109.775
422045.161
420778.395
420815.068
420815.068
419683.144
423366.656
422958.913
424177.663
422066.275
423300.850
423267.835
422946.968
422946.968
422935.787
423561.493
424721.944
424897.524
423269.459
423339.791
422422.958
421743.224
420378.042
423435.747
422400.186
425104.782
422634.825
420306.035
421607.337
418001.810
419936.906
419936.906
419936.906
416431.838
418358.747
417486.194
420072.538
415031.021
416825.255
420108.254
419281.042
421399.426
419320.172
420762.843
417080.469
412885.369
412885.369
419959.592
415566.555
417073.408
418561.351
418432.835
418432.835
414421.740
419268.994
414844.570
414394.157
417021.385
415311.949
416783.535
414723.929
414480.563
412090.952
412146.554
403660.119
403660.119
403660.119
413564.416
411881.071
411881.071
407482.677
407482.677
412746.797
410632.560
413249.687
413158.810
413250.045
411733.112
412084.195
409854.139
412173.247
412173.247
409011.320
411568.986
411568.986
411247.355
409217.760
409217.760
409217.760
403137.707
411328.515
406906.090
406906.090
409379.315
409379.315
409216.993
403524.232
409345.937
407634.853
407634.853
406098.125
407789.285
406998.583
403051.376
408890.223
408890.223
407604.493
409820.334
406705.033
407420.743
407420.743
409466.464
406903.391
406534.250
403758.047
408736.614
411908.664
407115.709
409417.114
406977.271
409782.665
408978.835
409275.265
409275.265
410651.621
410651.621
405027.879
409518.238
410167.358
406724.984
410502.601
410206.282
410368.584
411832.795
410699.284
410996.575
407049.420
407049.420
410996.575
410522.590
410522.590
410522.590
411459.662
413251.953
407183.532
409138.950
411671.269
408893.607
410846.637
408004.873
407920.273
409157.435
410479.831
410063.270
411194.757
409885.638
410369.734
410693.934
407748.870
410950.166
405815.901
410950.166
408557.988
408279.677
412136.055
412136.055
411859.454
411195.002
408629.048
408629.048
410202.652
410873.206
409464.604
409855.853
408586.050
403404.125
409993.745
410336.605
412067.930
411850.724
411316.263
411409.506
411202.111
412090.144
410913.773
410913.773
410913.773
409364.096
409432.961
411924.260
408426.361
408426.361
408426.361
408426.361
408426.361
408426.361
408369.968
410389.487
411831.260
405478.582
407310.825
407974.352
407974.352
408202.419
406857.088
408140.934
410472.228
409328.450
407336.968
406199.482
408360.326
409495.919
406857.959
406513.973
407833.548
403836.118
403836.118
403836.118
403836.118
399755.906
403836.118
404872.783
404483.790
404333.896
404953.120
404953.120
405699.603
402915.936
405134.831
404738.036
401742.391
401742.391
403335.401
402250.732
402250.732
403282.027
400499.256
403064.804
403812.618
396836.938
401718.204
402781.625
401619.522
400372.322
400372.322
403577.329
401811.740
403906.897
402221.317
400788.583
400788.583
402295.010
400441.161
403309.544
401903.057
401903.057
402410.847
400052.386
400052.386
401897.449
401897.449
400889.578
401541.870
401908.170
402165.368
402017.250
399634.474
399634.474
401787.895
400931.733
400570.361
400449.505
400449.505
395332.797
398526.901
400674.596
400674.596
397623.127
396630.312
396630.312
400224.824
398837.921
398340.781
399431.223
399404.621
401235.335
399367.244
399367.244
399367.244
399464.675
398220.352
398220.352
393954.867
393954.867
399724.398
397568.565
399160.338
398618.159
396376.215
397168.276
396177.405
397917.108
395785.996
395785.996
395785.996
400410.026
397547.908
398874.121
398874.121
398552.185
400763.518
398453.585
400524.412
399090.991
398786.838
398926.349
402326.532
402380.584
403083.533
400827.008
399264.533
399264.533
399264.533
399399.776
400070.205
400043.780
400043.780
400043.780
402552.280
399004.975
403630.238
402117.831
403602.421
402660.725
402694.232
402776.311
402776.311
400089.453
403261.045
402745.050
400407.620
400407.620
398880.423
403309.802
405707.666
406423.754
403418.202
403418.202
402575.545
403026.851
402387.293
402013.579
401991.030
404541.925
404215.725
403329.829
403941.230
403566.849
403566.849
404059.794
404650.924
402471.098
402792.794
402792.794
398970.950
400731.611
400354.763
402421.911
403184.724
402123.117
402123.117
401789.995
401789.995
400128.035
402921.445
400713.038
400713.038
400540.881
399733.205
401484.619
401609.297
400183.019
399446.622
398587.020
398587.020
394618.918
394618.918
394618.918
393975.936
393975.936
393975.936
393975.936
396652.129
396446.105
396652.129
396652.129
397740.984
398688.387
398320.151
398688.387
398974.212
395695.772
398554.178
397901.535
396000.247
397464.320
390962.222
397464.320
400594.729
394942.823
398388.392
395827.964
397163.254
397069.953
397165.019
397165.019
395758.569
397165.019
393922.088
393922.088
396645.006
395374.298
395374.298
397495.862
396559.160
397917.229
397146.886
399237.599
397366.910
396275.961
397366.910
396309.598
396309.598
396642.324
394853.627
394853.627
395833.206
397598.022
400181.547
398585.200
398303.529
394302.838
395539.431
396383.224
392348.711
396172.421
395008.911
395008.911
397295.036
397529.745
392517.145
392517.145
392517.145
393863.971
394992.722
394992.722
393925.939
393484.397
393484.397
396557.974
397042.638
392658.730
397285.328
396271.387
396584.853
394182.752
395525.161
396803.205
395117.423
395723.645
393202.305
393202.305
396429.045
397477.977
390679.207
395735.948
395008.802
394727.539
388983.219
390508.045
392972.153
393867.839
394220.355
394499.740
393353.853
394445.923
395051.904
394545.202
392680.190
394268.832
393615.011
388606.264
388606.264
388606.264
388606.264
388606.264
388606.264
389884.755
389884.755
389884.755
389884.755
390742.661
392613.935
392175.007
392242.822
392242.822
394603.146
393912.824
387742.963
387742.963
392360.328
391363.190
391173.998
391363.190
392127.493
391328.548
392121.788
387304.432
392413.419
388058.631
precedence
538944.898
537311.406
535947.688
530152.739
530152.739
530152.739
534911.488
534984.696
534780.351
536621.117
538001.710
533832.236
533072.332
528241.168
534577.775
537412.320
535917.851
535917.851
536130.329
536130.329
536924.790
535826.367
525613.663
535298.601
532367.427
530346.332
530346.332
528855.624
528855.624
522443.257
528620.248
528620.248
525389.635
527324.453
527088.427
529320.483
524694.715
524694.715
524694.715
524694.715
524694.715
524694.715
524694.715
532330.492
535085.403
535085.403
534918.462
533185.285
533185.285
529663.584
531997.038
531887.885
531446.812
529549.607
529624.661
529624.661
529016.712
530234.126
530234.126
530337.692
530337.692
530337.692
529989.775
530337.692
530811.391
526521.442
529837.885
533864.990
530518.318
530518.318
527745.727
527745.727
531140.490
529963.090
531140.490
528639.354
528639.354
531140.490
528484.345
524741.767
524741.767
529777.168
528618.769
528618.769
528618.769
527510.397
528563.151
526661.109
526777.831
526777.831
523459.760
522792.067
523459.760
523459.760
526331.923
526331.923
526331.923
530284.097
526757.442
526757.442
526757.442
524404.921
524404.921
529157.606
529157.606
528130.016
528130.016
528130.016
532048.201
524208.977
524208.977
524208.977
526594.952
524332.886
524332.886
526507.521
526047.455
526047.455
526047.455
526047.455
522717.204
522717.204
522717.204
525480.066
523265.812
523015.705
522345.696
523015.705
523015.705
528281.850
527008.469
528367.215
522846.468
525575.427
525750.030
522540.052
522540.052
522540.052
522540.052
523784.393
527357.292
527357.292
526458.918
529379.115
530053.448
532467.163
530300.201
530489.277
528526.161
527450.728
527806.066
525639.577
525639.577
522472.226
522472.226
522472.226
522472.226
522472.226
523792.486
523165.185
522884.303
522884.303
521263.605
520527.403
523165.185
523165.185
521580.773
522424.381
521860.817
518644.833
525003.672
527158.953
523978.629
522836.404
527158.953
527158.953
527158.953
527158.953
527158.953
527663.163
528266.093
528266.093
522698.725
522698.725
522698.725
528907.437
526783.369
526783.369
526783.369
527287.638
525700.914
526390.458
526390.458
526074.572
527558.113
520681.104
520681.104
520681.104
524752.086
520337.157
524267.910
524984.211
524984.211
526772.552
525132.594
525132.594
523190.755
522271.297
522271.297
522271.297
522271.297
523546.026
520921.637
523328.814
523328.814
524158.350
523390.804
524515.625
524438.642
518136.568
516133.783
517506.716
521058.678
523447.934
516800.581
524039.461
522547.852
522152.000
520797.638
520797.638
520797.638
522392.017
522392.017
520075.329
522392.017
524717.916
524717.916
524717.916
523486.364
522190.767
522190.767
522190.767
520074.809
520074.809
516600.640
516600.640
521438.614
522493.359
521845.013
515794.957
515794.957
521286.748
521032.068
517317.134
520922.509
516561.557
518278.807
518278.807
516529.885
516529.885
516529.885
518584.596
518584.596
517460.143
516089.577
516089.577
516089.577
514178.535
514178.535
509752.060
517775.291
512957.371
514313.396
521201.231
510722.077
510722.077
510722.077
510722.077
510722.077
510722.077
510722.077
515936.611
515936.611
521573.396
520383.794
514986.311
514986.311
518349.094
518349.094
521049.101
521049.101
521049.101
521049.101
517262.013
517262.013
521546.891
521334.025
521334.025
517787.694
521095.830
523383.991
520849.610
520849.610
511325.735
515365.108
515365.108
515365.108
515365.108
516075.330
519419.721
520415.260
520896.116
520915.046
520915.046
520915.046
520915.046
520915.046
524631.297
532697.879
532697.879
525600.835
531012.534
532253.701
532253.701
532253.701
532497.510
526473.994
532796.817
532796.817
534446.238
534836.546
531266.861
531266.861
531266.861
527491.183
527491.183
527491.183
534878.271
530823.983
525170.077
525170.077
530222.116
525253.178
525253.178
525253.178
527215.171
523272.398
523272.398
527215.171
530616.941
528833.469
531968.730
531882.273
531195.359
520762.607
520762.607
528154.217
521940.128
527681.395
531687.279
529692.989
529220.108
526446.749
521179.150
521179.150
521232.485
517712.142
517712.142
521876.699
521876.699
521876.699
525864.199
523879.817
518502.085
519787.438
526723.247
523099.996
515366.004
515366.004
515366.004
520642.533
522992.704
525885.274
518434.830
518434.830
519628.514
519628.514
519628.514
523839.637
523839.637
523442.914
523839.637
526951.417
523010.895
523010.895
519235.483
522360.349
522360.349
522360.349
527021.745
524900.808
524900.808
524693.666
524693.666
528746.241
527530.744
527530.744
527847.755
527847.755
527847.755
528898.759
525933.787
526052.281
526052.281
526052.281
529182.473
528502.917
531177.879
529913.152
529913.152
529913.152
524315.318
524315.318
523845.044
523845.044
522734.187
525665.139
525665.139
526982.093
524140.278
529397.676
530317.601
530317.601
527471.897
525557.205
521758.290
521758.290
521758.290
522517.103
522517.103
521873.242
521205.080
522517.103
526336.456
521425.269
520016.296
520016.296
516114.232
516114.232
516114.232
515302.875
515302.875
519265.830
521986.062
521040.164
516288.665
515762.522
515762.522
515762.522
515762.522
515762.522
517947.286
517947.286
517947.286
518200.486
518200.486
521397.588
517650.774
522135.879
516307.658
521723.084
521723.084
522121.634
521940.389
516629.365
521940.389
523525.542
523525.542
520711.261
520348.316
520348.316
520348.316
522509.745
522509.745
522509.745
522509.745
523405.614
522645.278
523405.614
523405.614
525982.603
521697.756
521697.756
517602.065
525356.962
525238.205
524169.914
524665.118
526966.396
526966.396
525296.271
530611.613
527544.127
522720.311
522720.311
524803.335
524803.335
527045.595
525947.102
524147.347
524147.347
523215.613
520950.636
520950.636
520950.636
520481.860
520480.910
514990.942
514990.942
518178.522
514477.163
516083.798
515399.523
512747.150
511236.010
511236.010
512087.351
509802.002
503571.156
503571.156
509802.002
511390.901
512019.278
508196.307
508886.401
510340.897
509818.102
509804.690
507132.093
510859.930
499369.551
499369.551
506501.470
509046.910
505324.244
505324.244
506414.633
505567.686
499174.637
499174.637
499174.637
503610.209
505051.764
505541.480
500564.846
500564.846
507587.485
506797.988
505772.929
505772.929
505772.929
505772.929
506090.942
505251.229
504835.673
503792.028
503792.028
499205.293
499205.293
499205.293
497957.803
497957.803
497957.803
499819.190
497411.726
499495.946
497349.129
498582.458
498582.458
498551.527
495554.921
495263.390
494945.583
494842.568
494842.568
491037.862
489341.302
491037.862
488281.966
489165.033
490866.795
487886.517
487026.940
487069.740
485369.983
485926.314
481650.584
481771.701
481402.048
481771.701
480085.114
479432.151
477667.786
477667.786
477084.568
477084.568
476723.259
473549.131
474880.280
475174.669
473622.351
473026.081
472496.387
471471.471
470063.120
469399.035
469024.231
466731.907
466731.907
466867.353
466278.291
465240.999
463591.323
463591.323
462570.073
462570.073
462570.073
462570.073
460502.161
460764.770
459702.442
459600.808
457343.299
457221.752
457221.752
456335.808
455288.875
455288.875
455522.925
454613.630
454392.977
453425.083
453425.083
452475.735
452792.909
451579.116
450664.985
450596.340
450836.446
450369.927
450369.927
450104.865
449648.028
449731.277
449649.718
449529.134
449509.386
449209.758
449044.725
448812.750
448812.750
448845.302
448798.640
448742.952
448720.744
448676.040
448707.272
448606.889
448606.889
448606.889
447343.906
448578.525
448551.989
448551.989
448551.989
448551.989
448551.989
448551.989
448551.989
448551.989
448551.989
448551.989
448551.989
448551.989
448551.989
448551.989
448551.989
448551.989
448551.989
448551.989
448551.989
448551.989
448551.989
448551.989
448551.989
448551.989
448551.989
448551.989
448551.989
448551.989
447859.060
447859.060
447859.060
447859.060
447859.060
447859.060
448265.688
448265.688
447886.027
447426.343
447886.027
447886.027
447886.027
447886.027
448551.989
448551.989
448551.989
448551.989
448551.989
448551.989
448551.989
448551.989
448551.989
448551.989
447141.590
447141.590
447141.590
448551.989
448551.989
448551.989
448551.989
447794.862
447794.862
447794.862
448551.989
448551.989
448551.989
448551.989
448551.989
448551.989
448551.989
448551.989
448551.989
448551.989
448551.989
448551.989
448551.989
448551.989
448551.989
448551.989
448551.989
448551.989
448551.989
448551.989
448551.989
448551.989
448551.989
448443.648
448300.758
448551.989
448551.989
448551.989
448551.989
447739.004
448551.989
447898.015
447898.015
448551.989
448551.989
448551.989
448551.989
448551.989
448551.989
448551.989
448551.989
448551.989
448551.989
448551.989
448551.989
448551.989
448551.989
448551.989
448551.989
448551.989
448551.989
448551.989
448551.989
448551.989
448551.989
448551.989
448551.989
448551.989
448551.989
446764.782
447842.308
448551.989
448551.989
448551.989
448551.989
448551.989
448551.989
448551.989
448551.989
448551.989
448551.989
448551.989
448551.989
448551.989
448551.989
448551.989
448551.989
448551.989
448551.989
448497.562
448038.744
448038.744
448267.240
448267.240
448267.240
448267.240
448267.240
448267.240
448267.240
448267.240
448267.240
448267.240
448267.240
448267.240
447958.607
448267.240
448267.240
448267.240
448267.240
448267.240
448267.240
448267.240
448267.240
447039.127
447039.127
448267.240
448267.240
448267.240
448267.240
448267.240
448267.240
448267.240
448267.240
448267.240
448267.240
448267.240
447715.010
448267.240
448267.240
448267.240
448267.240
448267.240
448267.240
448267.240
447766.767
447766.767
446687.461
447433.932
447243.167
446436.347
446436.347
447915.021
447190.503
447172.384
447172.384
447092.700
447092.700
447327.774
447195.099
446927.999
446703.646
446870.220
447057.480
447117.109
447117.109
446908.552
446894.416
446930.108
446883.598
446883.598
446750.156
446844.120
446703.646
446703.646
446664.168
446664.168
446664.168
446664.168
446664.168
446664.168
446664.168
446664.168
446664.168
446664.168
446664.168
446664.168
446664.168
446664.168
446664.168
446664.168
446664.168
446664.168
446664.168
446664.168
446664.168
446664.168
446664.168
446664.168
446664.168
446664.168
446664.168
446664.168
446664.168
445357.666
446664.168
446664.168
446664.168
446664.168
446664.168
446664.168
446664.168
446664.168
446664.168
446664.168
446664.168
446664.168
446510.283
446664.168
446664.168
446664.168
446664.168
446664.168
446664.168
446664.168
446664.168
446664.168
446664.168
446664.168
445774.901
446664.168
446664.168
446664.168
446664.168
446664.168
446664.168
446664.168
446664.168
446664.168
446664.168
446664.168
446664.168
446664.168
446664.168
446664.168
446590.942
446664.168
445891.995
445891.995
446664.168
446664.168
446664.168
446664.168
446664.168
446664.168
446664.168
446664.168
446664.168
446664.168
446664.168
446664.168
446664.168
446664.168
446664.168
446664.168
446664.168
446664.168
446664.168
446664.168
446664.168
446664.168
446664.168
446664.168
446664.168
446664.168
446664.168
446664.168
446664.168
446664.168
446664.168
446587.496
446664.168
446664.168
446471.372
446664.168
446664.168
446653.024
gox
238868.767
215689.259
204616.968
199295.512
194621.134
187041.783
186734.116
186199.632
184354.647
182809.041
177774.228
177221.320
174143.370
175723.429
175788.685
171782.675
174326.784
171858.970
171573.310
167305.918
169091.423
169091.423
168530.258
166314.708
164634.375
166093.198
166093.198
165486.743
158197.081
158197.081
158742.765
158742.765
163064.307
164281.634
161648.018
163678.895
160116.112
160116.112
160116.112
160116.112
160116.112
157874.134
157874.134
160169.362
161027.231
157635.075
157635.075
158997.291
156896.077
153806.270
154731.416
152677.171
151140.806
154802.729
152840.810
152840.810
154215.986
151933.586
151933.586
149925.245
149925.245
149925.245
149925.245
151195.762
151139.810
148717.615
150568.381
150602.005
150104.164
149668.322
147826.951
147255.026
147826.951
144987.477
146056.607
146246.840
146050.268
146035.457
147682.115
145200.375
145200.375
146283.072
144306.622
144306.622
144306.622
143988.918
145787.455
145787.455
142800.055
142800.055
142800.055
142800.055
145883.546
145287.446
145287.446
145287.446
144276.966
143513.911
143513.911
139685.821
139685.821
139685.821
139685.821
141484.245
140980.495
140980.495
140980.495
140980.495
142058.188
139155.662
139155.662
139155.662
140782.028
140782.028
140121.647
140121.647
138585.956
138585.956
138109.060
138109.060
140474.350
138019.398
136436.643
138808.919
138808.919
137624.079
137624.079
136553.045
136553.045
139065.524
133802.482
137914.309
135385.575
137068.682
136753.859
136400.047
136400.047
133977.939
133977.939
135187.992
136440.872
135379.274
135379.274
137354.209
138401.698
139012.202
135081.679
135792.541
133651.820
130443.708
135540.598
133582.915
131027.482
131027.482
131027.482
131027.482
131027.482
131027.482
131899.953
131899.953
133885.564
129574.092
129574.092
133367.164
133577.361
133577.361
133577.361
134769.111
134072.186
132876.060
132356.270
133446.843
132228.534
131547.383
130961.047
130961.047
130961.047
130961.047
130961.047
132596.206
132596.206
131974.795
131498.349
131974.795
131974.795
130658.735
131479.934
131479.934
131331.353
132510.331
133247.718
130877.241
130877.241
130753.603
131662.148
131662.148
130111.672
130111.672
132300.704
130899.670
132676.577
131951.550
131951.550
133145.014
133145.014
133145.014
133300.292
133300.292
133300.292
132500.963
132500.963
130845.274
132196.787
132416.620
132416.620
134526.073
132279.882
134985.533
134621.786
130564.736
130564.736
130779.963
131215.309
132491.973
132222.273
130632.646
127604.011
127604.011
127604.011
127604.011
127604.011
130306.175
129426.634
128606.717
129384.293
129086.773
128381.370
128381.370
128110.582
129003.310
129003.310
129003.310
129270.881
129270.881
129270.881
129544.096
128539.898
129809.048
129809.048
129173.947
129173.947
128789.303
128789.303
128789.303
130758.371
130758.371
129496.963
129496.963
130083.283
130083.283
130083.283
129627.954
128323.247
128323.247
130106.667
128859.520
128219.646
127541.207
127242.450
127387.760
127244.052
127244.052
126213.605
126681.194
125682.945
125682.945
125682.945
125770.719
125770.719
124494.808
124494.808
125770.719
124037.592
125770.719
127859.677
127859.677
127590.805
127859.677
127854.082
128716.810
131912.811
130840.484
130840.484
128984.668
128984.668
130903.747
132343.312
128845.320
128719.916
128845.320
129739.112
130914.632
130914.632
131600.689
130886.715
130886.715
130886.715
130886.715
129230.525
129889.673
128994.258
132814.142
134015.555
134015.555
133515.953
133515.953
133515.953
134133.506
135607.027
133994.584
131458.925
133554.728
133566.337
130803.402
130803.402
133566.337
133566.337
137256.654
135429.091
134310.587
134310.587
134310.587
134310.587
134310.587
133480.503
133480.503
133480.503
137444.278
136201.089
136415.370
136415.370
136744.175
136744.175
137829.010
135509.684
135509.684
135557.213
135557.213
135583.762
138013.791
137044.033
137560.116
137395.170
136885.648
137054.469
137054.469
136607.237
136607.237
138554.797
139951.464
139951.464
137951.322
136801.653
135843.217
135843.217
139551.253
139551.253
138935.904
137922.156
137234.774
137234.774
138342.935
139040.837
137664.232
137205.731
138456.877
136992.291
136440.109
136440.109
137036.933
136169.497
138273.822
134882.781
135017.396
135017.396
134002.381
134242.924
134242.924
132114.586
132114.586
132009.648
132114.586
132243.730
132243.730
130759.599
130759.599
132512.076
132512.076
132512.076
132766.923
132568.084
132568.084
133111.719
133111.719
134110.686
134110.686
133798.334
132757.481
132757.481
132757.481
135776.355
135119.275
135993.209
133497.273
133497.273
137874.076
136254.654
137240.543
131285.669
131285.669
131285.669
131285.669
131285.669
130675.542
130675.542
134069.367
132274.773
132274.773
137374.837
136773.810
137295.111
136616.760
136616.760
136616.760
136616.760
136616.760
136616.760
135173.247
136355.602
134816.213
134816.213
135616.851
136581.069
137318.220
135518.409
135333.695
135333.695
135333.695
135333.695
135333.695
137737.614
137737.614
138383.443
138039.156
138039.156
134500.342
134500.342
134500.342
134500.342
134500.342
134500.342
137405.711
137405.711
137405.711
138078.699
138078.699
139455.960
141525.651
139132.322
139117.882
137355.558
137355.558
139477.499
139477.499
138734.862
137827.187
138047.760
138047.760
135318.040
138530.374
138530.374
138407.464
138407.464
138407.464
138407.464
138407.464
138186.759
137159.825
138665.218
137481.640
137850.549
137850.549
137939.353
136195.017
135451.047
134603.155
136783.282
136216.902
133634.692
133634.692
133823.341
137895.506
135116.049
134399.896
134399.896
137425.201
135751.856
136113.269
136952.829
135089.565
131719.454
131719.454
131719.454
131719.454
131719.454
133606.317
133606.317
133606.317
133606.317
132954.532
131938.778
131843.917
130011.137
130011.137
130011.137
130011.137
129849.886
131664.099
131664.099
131893.369
132463.379
132915.831
130925.728
130925.728
135008.864
135291.177
131351.207
131914.830
134302.020
132786.246
132923.248
133309.581
134667.830
132063.986
132063.986
132063.986
130326.560
130326.560
130326.560
130326.560
128985.703
134138.193
130300.637
132790.053
132813.075
132813.075
131665.347
131583.405
131583.405
131665.347
131665.347
131665.347
132358.729
132329.291
132329.291
129106.557
129106.557
129106.557
129106.557
129106.557
128781.805
128781.805
128781.805
128434.389
128582.573
129346.356
129346.356
130390.848
130201.769
130390.848
130390.848
130631.910
131026.887
130211.850
130211.850
129305.023
128254.366
128417.205
128417.205
129590.785
130240.683
128819.109
128819.109
129771.981
131594.616
130914.273
130797.858
128550.738
128550.738
129081.845
129081.845
128594.295
129410.122
128762.633
128536.667
128536.667
130236.453
128738.265
129972.166
130800.857
130800.857
130800.857
129702.082
131274.302
128518.388
128755.302
129116.551
130331.802
130331.802
128423.237
128423.237
128139.290
128139.290
128139.290
128483.916
128483.916
128483.916
128483.916
132343.589
133589.089
132343.116
132343.116
132343.116
132954.137
132954.137
132851.532
134831.457
134831.457
132595.645
132073.053
132062.268
132424.195
133081.839
131017.688
133134.753
134443.069
132928.394
132928.394
134984.312
134885.827
134885.827
134937.268
137075.695
136088.234
136088.234
136088.234
136133.498
134149.367
134149.367
134149.367
134149.367
134556.361
134556.361
135657.005
135530.605
135530.605
137062.522
134765.039
134765.039
134765.039
134765.039
134765.039
135949.683
136216.044
136889.342
135920.627
134778.164
133999.511
135679.899
135679.899
135679.899
135679.899
137707.202
136571.392
134668.657
134668.657
134104.340
134104.340
130632.148
130632.148
131716.475
134424.403
134552.792
136300.018
136909.111
135286.185
134058.862
135286.185
135286.185
136825.527
133680.805
133329.290
133329.290
133329.290
133329.290
133329.290
135102.161
133856.937
136081.247
135999.274
136081.247
135699.436
135699.436
135335.157
135818.020
135076.026
135076.026
134446.322
134446.322
137181.938
134936.428
134936.428
134215.879
134215.879
134298.814
134298.814
134298.814
132881.022
134477.510
132860.985
132860.985
133993.096
133993.096
133993.096
134412.601
135047.989
135047.989
135047.989
135697.930
138141.902
134712.571
133368.864
134712.571
133152.226
133842.146
133878.625
133145.121
133145.121
134267.932
134267.932
135752.664
133021.177
133021.177
134556.388
136205.201
134258.407
134258.407
135787.964
135787.964
136931.737
136931.737
136286.420
136286.420
133131.491
134112.753
134112.753
134112.753
134982.070
134982.070
134982.070
134982.070
135758.162
135758.162
135758.162
137027.661
135214.379
135214.379
134725.509
134725.509
134725.509
132923.121
132923.121
134191.768
134191.768
134191.768
134191.768
134675.343
133093.781
134034.842
134034.842
132019.722
132019.722
134100.279
133382.318
131614.162
132132.541
132132.541
129218.690
132969.430
132969.430
131858.710
131858.710
132103.203
132103.203
132103.203
132103.203
134168.212
134031.970
134031.970
135066.110
135367.683
134553.666
134680.400
134680.400
133318.318
133318.318
131880.737
132760.308
132754.309
132347.755
133333.488
132802.613
131560.599
130851.043
130851.043
131266.789
131921.540
131921.540
130948.715
130800.667
130800.667
130800.667
127640.612
129361.066
131288.008
130317.524
130380.368
130380.368
129719.403
130380.368
128665.743
131470.158
130551.391
130706.181
129373.530
131602.055
130864.821
130864.821
132792.783
130846.626
130846.626
132274.781
133494.847
132165.608
132165.608
131846.288
130170.793
130170.793
130170.793
130170.793
130170.793
131344.026
133093.891
130735.092
130735.092
131470.948
131470.948
133678.441
133678.441
133678.441
131793.653
133836.300
131167.589
130671.854
131941.690
132155.733
131082.393
131739.942
133588.999
133033.750
132779.073
133485.496
133485.496
134225.858
133988.730
133636.548
131908.154
132113.415
134824.156
133546.912
133546.912
135531.841
133512.537
133512.537
132199.762
132199.762
133368.373
133981.111
132177.052
132836.671
132836.671
132836.671
132836.671
132401.329
132401.329
135999.958
135440.127
135134.024
134894.918
134894.918
135380.404
135867.278
135560.962
135560.962
135560.962
135560.962
137347.244
137523.500
136555.935
136244.950
136555.935
139436.414
137822.148
136801.859
133721.352
136285.824
134947.450
135536.698
136969.901
133669.023
131944.939
130851.942
131944.939
133219.927
133219.927
134614.026
133789.504
133789.504
134770.364
135728.748
135703.840
135703.840
135703.840
135513.191
134761.924
134761.924
136200.501
133542.447
136200.501
136962.126
136962.126
137732.224
134699.004
134699.004
135663.972
134470.616
132644.637
133715.408
133920.854
134545.974
135691.995
133360.291
132253.735
132253.735
133961.705
133961.705
133961.705
134843.258
135373.255
136321.948
136321.948
134783.861
134783.861
136321.948
133577.945
133577.945
137069.215
137100.481
133930.266
133930.266
135320.297
136633.356
136633.356
136633.356
136408.650
139197.643
138013.784
135719.417
135719.417
134514.292
139073.309
137596.615
138509.843
137248.334
137789.819
137468.154
137179.495
137179.495
134671.726
134671.726
