greedy
52374.7426
45496.7302
40621.4866
36745.7053
36040.5341
34455.2496
33877.4023
33796.2383
33759.1402
33229.1214
32743.7043
33024.7137
32376.4775
31768.7508
31701.8537
32214.2179
32196.8053
31987.8334
31079.3539
31079.3539
31605.4096
31505.4427
31505.4427
31505.4427
31491.0692
31455.1465
31455.1465
31491.0692
31491.0692
31488.8341
31427.8254
31427.8254
31343.8178
31427.8254
31464.2001
31497.8876
31497.8876
31436.2931
31497.8876
31497.8876
31487.7352
31487.7352
31497.8876
31497.8876
31497.8876
31497.8876
31497.8876
31497.8876
31497.8876
31427.8254
31497.8876
31487.7232
31497.8876
31497.8876
31487.7232
31487.7232
31487.7232
31487.7232
31487.7232
31497.8876
31427.8254
31427.8254
31487.7232
31487.7232
31497.8876
31497.8876
31486.8852
31497.8876
31497.8876
31497.8876
31497.8876
31497.8876
31497.8876
31497.8876
31497.8876
31497.8876
31497.8876
31497.8876
31497.8876
31497.8876
31497.8876
31497.8876
31497.8876
31497.8876
31497.8876
31497.8876
31497.8876
31497.8876
31497.8876
31497.8876
31497.8876
31497.8876
31497.8876
31497.8876
31497.8876
31497.8876
31497.8876
31497.8876
31497.8876
31497.8876
31497.8876
31497.8876
31497.8876
31497.8876
31497.8876
31497.8876
31497.8876
31497.8876
31436.2931
31497.8876
31497.8876
31497.8876
31497.8876
31497.8876
31497.8876
31497.8876
31497.8876
31497.8876
31497.8876
31497.8876
31497.8876
31497.8876
31466.7315
31494.3803
31497.8876
31497.8876
31497.8876
31497.8876
31497.8876
31497.8876
31497.8876
31497.8876
31497.8876
31497.8876
31497.8876
31497.8876
31497.8876
31497.8876
31497.8876
31497.8876
31497.8876
31497.8876
31497.8876
31497.8876
31497.8876
31497.8876
31497.8876
31497.8876
31497.8876
31494.3803
31497.8876
31497.8876
31497.8876
31497.8876
31497.8876
31497.8876
31497.8876
31497.8876
31497.8876
31497.8876
31497.8876
31497.8876
31497.8876
31497.8876
31497.8876
31497.8876
31497.8876
31497.8876
31497.8876
31497.8876
31497.8876
31497.8876
31497.8876
31497.8876
31466.7315
31466.7315
31466.7315
31466.7315
31466.7315
31491.3679
31497.8876
31497.8876
31497.8876
31497.8876
31497.8876
31497.8876
31497.8876
31497.8876
31497.8876
31497.8876
31493.1960
31487.1245
31487.1245
31497.8876
31497.8876
31497.8876
31497.8876
31497.8876
31497.8876
31497.8876
31497.8876
31497.8876
31497.8876
31497.8876
31497.8876
31497.8876
31497.8876
31497.8876
31497.8876
31497.8876
31497.8876
31497.8876
31497.8876
31497.8876
31497.8876
31330.3073
31497.8876
31497.8876
31497.8876
31497.8876
31497.8876
31497.8876
31497.8876
31497.8876
31497.8876
31497.8876
31497.8876
31497.8876
31497.8876
31497.8876
31497.8876
31497.8876
31497.8876
31497.8876
31497.8876
31497.8876
31497.8876
31497.8876
31497.8876
31497.8876
31497.8876
31497.8876
31497.8876
31497.8876
31429.9923
31389.7134
31497.8876
31497.8876
31497.8876
31497.8876
31497.8876
31497.8876
31497.8876
31494.3803
31497.8876
31497.8876
31497.8876
31497.8876
31497.8876
31497.8876
31497.8876
31497.8876
31497.8876
31497.8876
31497.8876
31497.8876
31497.8876
31494.3803
31494.3803
31497.8876
31497.8876
31497.8876
31497.8876
31497.8876
31492.1452
31492.1452
31492.1452
31492.1452
31492.1452
31492.1452
31492.1452
31497.8876
31494.3803
31497.8876
31497.8876
31497.8876
31497.8876
31497.8876
31497.8876
31497.8876
31497.8876
31497.8876
31497.8876
31497.8876
31497.8876
31497.8876
31497.8876
31497.8876
31494.3803
31497.8876
31497.8876
31497.8876
31497.8876
31497.8329
31497.8876
31431.8964
31431.8964
31431.8964
31431.8964
31431.8964
31431.8964
31429.6612
31429.6612
31429.6612
31429.6612
31429.6612
31423.9188
31431.8964
31431.8964
31429.6612
31431.8964
31431.8964
31424.4560
31424.4560
31424.4560
31446.2699
31446.2699
31431.8964
31497.8876
31497.8876
31497.8876
31494.3803
31494.3803
31494.3803
31494.3803
31494.3803
31494.3803
31497.8876
31497.8876
31497.8876
31438.9182
31438.9182
31497.8876
31497.8876
31497.8876
31497.8876
31497.8876
31497.8876
31497.8876
31497.8876
31497.8876
31497.8876
31497.8876
31497.8876
31494.3803
31494.3803
31497.8876
31497.8876
31497.8876
31497.8876
31497.8876
31497.8876
31411.7950
31497.8876
31497.8876
31497.8876
31497.8876
31497.8876
31497.8876
31497.8876
31497.8876
31497.8876
31497.8876
31497.8876
31497.8876
31497.8876
31497.8876
31497.8876
31497.8876
31497.8876
31497.8876
31497.8876
31497.8876
31497.8876
31497.8876
31497.8876
31497.8876
31497.8876
31497.8876
31497.8876
31497.8876
31497.8876
31497.8876
31497.8876
31497.8876
31497.8876
31497.8876
31497.8876
31497.8876
31497.8876
31497.8876
31497.8876
31497.8876
31497.8876
31497.8876
31494.3803
31494.3803
31497.8876
31497.8876
31497.8876
31497.8876
31497.8876
31497.8876
31497.8876
31497.8876
31497.8876
31497.8876
31497.8876
31497.8876
31489.1204
31489.1204
31489.1204
31489.1204
31497.8876
31497.8876
31497.8876
31436.2931
31080.0726
31497.8876
31497.8876
31497.8876
31497.8876
31497.8876
31280.5198
31494.3803
31494.3803
31497.8876
31497.8876
31431.8964
31431.8964
31431.8964
31446.2699
31429.6612
31429.6612
31446.2699
31429.6612
31396.6635
31396.6635
31429.6612
31429.6612
31429.6612
31429.6612
31429.6612
31429.6612
31429.6612
31431.8964
31429.6612
31429.6612
31429.6612
31429.6612
31429.6612
31429.6612
31429.6612
31429.6612
31411.7950
31411.7950
31431.8964
31431.8964
31446.2699
31431.8964
31431.8964
31424.9308
31431.8964
31431.8964
31431.8964
31431.8964
31431.8964
31431.8964
31431.8964
31429.6612
31429.6612
31431.8964
31431.8964
31429.6612
31429.6612
31429.6612
31429.6612
31429.6612
31429.6612
31431.8964
31429.6612
31429.6612
31429.6612
31429.6612
31333.3049
31429.6612
31429.6612
31429.6612
31429.6612
31429.6612
31393.7386
31429.6612
31429.6612
31429.6612
31429.6612
31429.6612
31429.6612
31429.6612
31429.6612
31429.6612
31429.6612
31429.6612
31429.6612
31424.9308
31429.6612
31429.6612
31390.5342
31429.6612
31426.1539
31429.6612
31431.8964
31429.6612
31429.6612
31431.8964
31431.8964
31431.8964
31431.8964
31429.6612
31429.6612
31429.6612
31429.6612
31423.0930
31429.6612
31431.8964
31431.8964
31429.6612
31429.6612
31431.8964
31429.6612
31429.6612
31429.6612
31429.6612
31429.6612
31429.6612
31429.6612
31429.6612
31429.6612
31429.6612
31429.6612
31395.9737
31395.9737
31395.9737
31410.3473
31429.6612
31429.6612
31429.6612
31429.6612
31429.6612
31429.6612
31429.6612
31429.6612
31429.6612
31429.6612
31431.8964
31429.6612
31429.6612
31429.6612
31429.6612
31429.6612
31429.6612
31420.8579
31429.6612
31429.6612
31418.8140
31429.6612
31418.8140
31418.8140
31429.6612
31429.6612
31429.6612
31429.6612
31429.6612
31418.8140
31429.6612
31429.6612
31429.6612
31429.6612
31429.6612
31429.6612
31431.8964
31429.6612
31429.6612
31411.8484
31429.6612
31429.6612
31431.8964
31429.6612
31429.6612
31429.6612
31424.9308
31424.9308
31431.8964
31429.6612
31429.6612
31431.8964
31429.6612
31429.6612
31429.6612
31423.0930
31423.0930
31423.0930
31429.6612
31429.6612
31429.6612
31429.6612
31429.6612
31416.5788
31429.6612
31429.6612
31429.6612
31424.9308
31424.9308
31424.9308
31424.9308
31403.3817
31424.9308
31429.6612
31422.6957
31429.6612
31429.6612
31429.6612
31429.6612
31429.6612
31429.6612
31429.6612
31429.6612
31426.1539
31426.1539
31429.6612
31426.1539
31426.1539
31426.1539
31410.3473
31429.6612
31395.9737
31429.6612
31429.6612
31429.6612
31429.6612
31429.6612
31429.6612
31376.5881
31426.1539
31429.6612
31429.6612
31429.6612
31429.6612
31429.6612
31164.0473
31429.6612
31429.6612
31429.6612
31429.6612
31429.6612
31429.6612
31429.6612
31429.6612
31429.6612
31429.6612
31429.6612
31416.5788
31416.5788
31429.6612
31429.6612
31429.6612
31429.6612
31429.6612
31429.6612
31431.8964
31429.6612
31429.6612
31429.6612
31429.6612
31429.6612
31429.6612
31429.6612
31429.6612
31429.6612
31429.6612
31429.6612
31429.6612
31429.6612
31429.6612
31368.0595
31368.0595
31359.3601
31431.8964
31410.3473
31426.1539
31426.1539
31426.1539
31426.1539
31426.1539
31426.1539
31429.6612
31429.6612
31429.6612
31429.6612
31422.6957
31416.5788
31429.6612
31429.6612
31429.6612
31429.6612
31429.6612
31429.6612
31429.6612
31429.6612
31429.6612
31429.6612
31429.6612
31431.8964
31429.6612
31429.6612
31429.6612
31429.6612
31429.6612
31429.6612
31429.6612
31429.6612
31429.6612
31431.8964
31429.6612
31429.6612
31429.6612
31420.8579
31429.6612
31423.1493
31423.1493
31429.6612
31429.6612
31429.6612
31429.6612
31429.6612
31429.6612
31429.6612
31423.9188
31429.6612
31429.6612
31429.6612
31429.6612
31423.0930
31429.6612
31429.6612
31429.6612
31429.6612
31418.8140
31429.6612
31429.6612
31429.6612
31429.6612
31429.6612
31144.4305
31144.4305
31144.4305
31395.9737
31395.9737
31395.9737
31429.6612
31395.9737
31395.9737
31395.9737
31395.9737
31395.9737
31395.9737
31395.9737
31395.9737
31347.8482
31387.1704
31387.1704
31387.1704
31387.1704
31387.1704
31384.9353
31384.9353
31384.9353
31401.5439
31393.7386
31401.5439
31410.3473
31393.7386
31393.7386
31395.9737
31395.9737
31429.6612
31429.6612
31429.6612
31393.7386
31393.7386
31393.7386
31395.9737
31395.9737
31344.9865
31344.9865
31410.3473
31429.6612
31384.9353
31387.1704
31395.9737
31429.6612
31390.5342
31390.5342
31429.6612
31429.6612
31393.7386
31393.7386
31393.7386
31395.9737
31393.7386
31393.7386
31395.9737
31395.9737
31429.6612
31395.9737
31395.9737
31395.9737
31395.9737
31429.6612
31395.9737
31395.9737
31395.9737
31395.9737
31384.9353
31384.9353
31393.7386
31393.7386
31393.7386
31395.9737
31401.6002
31395.9737
31395.9737
31227.4134
31395.9737
31395.9737
31419.0467
31395.9737
31393.7386
31393.7386
31423.0930
31395.9737
31395.9737
31395.9737
31395.9737
31395.9737
31395.9737
31395.9737
31395.9737
31395.9737
31395.9737
31429.6612
31395.9737
31395.9737
31395.9737
31395.9737
31395.9737
31429.6612
31429.6612
31429.6612
31429.6612
31429.6612
31429.6612
31429.6612
31420.9762
31429.6612
31431.8964
31429.6612
31429.6612
31429.6612
31429.6612
31429.6612
31426.1539
31429.6612
31429.6612
31429.6612
31429.6612
31429.6612
31429.6612
31429.6612
31429.6612
31429.6612
31420.8579
31420.8579
31429.6612
31429.6612
31429.6612
31429.6612
31395.9737
31429.6612
31429.6612
31429.6612
31429.6612
31429.6612
31429.6612
31429.6612
31429.6612
31429.6612
31429.6612
31429.6612
31429.6612
31429.6612
31429.6612
31429.6612
31429.6612
31429.6612
31423.9188
31429.6612
31429.6612
31429.6612
31429.6612
31429.6612
31429.6612
31429.6612
31429.6612
31429.6612
31429.6612
31429.6612
31429.6612
31429.6612
31429.6612
31429.6612
31410.3473
31431.8964
31431.8964
31431.8964
31429.6612
31429.6612
31429.6612
31429.6612
31429.6612
31429.6612
31429.6612
31429.6612
31431.8964
31429.6612
31431.8964
31431.8964
31431.8964
31429.6612
31429.6612
31429.6612
31429.6612
31429.6612
31429.6612
31429.6612
31429.6612
31431.8964
31423.1493
31423.1493
31423.1493
31429.6612
31418.3518
31347.8482
31429.6612
31429.6612
31429.6612
31429.6612
31429.6612
31424.9308
31429.6612
31429.6612
31429.6612
31418.8140
31429.6612
31429.6612
31429.6612
31429.6612
31217.1828
31431.8964
31429.6612
31429.6612
31429.6612
31429.6612
31426.7357
31429.6612
31429.6612
31429.6612
31408.0940
31429.6612
31429.6612
31429.6612
31429.6612
31429.6612
31429.6612
31429.6612
31431.8964
31429.6612
31429.6612
31429.6612
31429.6612
31429.6612
pm
58702.0136
58702.0136
57776.9071
56268.5080
55899.0372
55573.3296
55573.3296
56469.2321
55952.1893
55942.1764
55268.1809
55433.1640
54270.9708
54942.4728
53315.5437
53315.5437
54560.6032
55703.5732
54733.4084
54035.4343
53731.3005
53309.3612
53363.2824
53584.2353
53735.3355
53408.5306
53401.2315
52677.4845
53143.6827
53244.6214
52377.1275
52377.1275
52377.1275
52377.1275
52166.7783
52024.8867
49880.1921
50300.3731
51276.5594
51010.6316
51010.6316
50840.6495
50898.6406
50399.2248
50399.2248
49676.1481
49454.3195
49928.0624
48539.7169
48539.7169
48539.7169
49405.5363
49405.5363
49870.1121
49309.2776
49152.5392
48989.1110
48331.1044
48331.1044
48331.1044
47747.1293
47747.1293
47332.0534
47332.0534
47005.0112
47005.0112
47500.5491
47333.2978
47070.4421
47267.5704
47004.4810
46783.9012
45682.4796
45682.4796
45119.6964
45682.4796
45682.4796
45708.4002
45708.4002
45039.2447
44802.1058
44554.1308
44605.4724
44605.4724
44219.8785
44212.3985
44381.5490
44196.0757
43604.5185
43604.5185
43663.1169
43402.7970
43697.2013
43654.3935
43164.4038
43154.6948
43311.2325
43311.2325
43155.5580
43082.0311
43010.5016
43105.2201
43135.8655
42557.4922
42557.4922
42873.6363
42678.8992
42678.8992
42337.2201
42206.0599
42206.0599
42287.6353
42287.6353
42279.8876
42078.0823
42078.0823
41154.3014
41154.3014
41264.4136
41144.0267
41130.0105
40999.5397
40821.0446
40784.0766
40869.5106
40723.5079
40827.0792
40542.0550
40296.4323
40296.4323
40385.8203
40260.8662
40312.9303
40104.3015
40004.9166
40004.9166
39945.8452
39956.6365
39578.7701
39578.7701
39417.1235
39491.6347
39388.1791
39388.1791
39389.2425
39214.9677
39101.3549
38999.6707
38834.5288
38840.6054
38667.3635
38562.6429
38551.0574
38562.6429
38562.6429
38549.1031
38527.0924
38502.1271
38502.1271
38509.7853
38500.2202
38461.8140
38443.8248
38408.0256
38412.6020
38402.9088
38369.6583
38369.6583
38358.0728
38350.7812
38350.7812
38329.4469
38323.2840
38323.2840
38307.3092
38233.1427
38233.1427
38223.5087
38223.5087
38223.5087
38223.5087
38223.5087
38223.5087
38223.5087
38223.5087
38223.5087
38223.5087
38223.5087
38223.5087
38223.5087
38223.5087
38223.5087
38223.5087
38223.5087
38223.5087
38223.5087
38223.5087
38223.5087
38223.5087
38223.5087
38223.5087
38223.5087
38223.5087
38223.5087
38223.5087
38223.5087
38223.5087
38223.5087
38223.5087
38223.5087
38223.5087
38223.5087
38210.4372
38210.4372
38210.4372
38043.0576
38043.0576
37776.4083
37776.4083
38029.9860
37776.4083
37776.4083
37776.4083
37776.4083
37776.4083
37595.9571
37595.9571
37595.9571
37595.9571
37595.9571
37595.9571
37595.9571
37595.9571
37595.9571
37595.9571
37595.9571
37595.9571
37595.9571
37595.9571
37595.9571
37595.9571
37595.9571
37595.9571
37595.9571
37595.9571
37595.9571
37595.9571
37595.9571
37595.9571
37595.9571
37595.9571
37595.9571
37595.9571
37595.9571
37595.9571
37318.3847
37318.3847
37318.3847
37318.3847
37318.3847
37318.3847
37317.8168
37317.8168
37317.8168
37177.0794
37177.0794
37177.0794
37177.0794
37177.0794
37177.0794
37177.0794
37177.0794
37177.0794
37177.0794
37177.0794
37177.0794
37033.3295
37033.3295
37033.3295
37033.3295
37033.3295
37033.3295
37033.3295
37033.3295
37033.3295
37033.3295
37033.3295
37033.3295
37033.3295
37033.3295
37033.3295
37033.3295
37033.3295
37033.3295
37033.3295
37033.3295
37033.3295
37033.3295
37033.3295
37033.3295
37033.3295
37033.3295
37033.3295
37033.3295
37033.3295
37033.3295
37033.3295
37033.3295
37033.3295
37033.3295
37033.3295
37033.3295
37033.3295
37033.3295
37033.3295
37033.3295
37033.3295
37033.3295
37033.3295
37033.3295
37033.3295
37033.3295
37033.3295
37033.3295
37033.3295
37033.3295
37033.3295
37033.3295
37033.3295
37033.3295
37033.3295
37033.3295
37033.3295
37033.3295
37033.3295
37033.3295
37033.3295
37033.3295
37033.3295
37033.3295
37033.3295
37033.3295
37033.3295
37033.3295
37033.3295
37033.3295
37033.3295
37033.3295
37033.3295
37033.3295
37033.3295
37033.3295
37033.3295
37033.3295
37033.3295
37033.3295
37033.3295
37033.3295
37033.3295
37033.3295
37033.3295
37033.3295
37033.3295
37033.3295
37033.3295
37033.3295
37033.3295
37033.3295
37033.3295
37033.3295
37033.3295
37033.3295
37033.3295
37033.3295
37033.3295
37033.3295
37033.3295
37033.3295
37033.3295
37033.3295
37033.3295
37033.3295
37033.3295
37033.3295
37033.3295
37033.3295
37033.3295
37033.3295
37033.3295
37033.3295
37033.3295
37033.3295
37033.3295
37033.3295
37033.3295
37033.3295
37033.3295
37033.3295
37033.3295
37033.3295
37033.3295
37033.3295
37033.3295
37033.3295
37033.3295
37033.3295
37033.3295
37033.3295
37033.3295
37033.3295
37033.3295
37033.3295
37033.3295
37033.3295
37033.3295
36900.8813
36900.8813
36900.8813
36900.8813
36900.8813
36900.8813
36900.8813
36900.8813
36900.8813
36900.8813
36900.8813
36900.8813
36900.8813
36900.8813
36900.8813
36900.8813
36900.8813
36900.8813
36900.8813
36900.8813
36900.8813
36900.8813
36900.8813
36900.8813
36900.8813
36900.8813
36900.8813
36900.8813
36900.8813
36900.8813
36900.8813
36900.8813
36900.8813
36900.8813
36900.8813
36900.8813
36900.8813
36900.8813
36900.8813
36900.8813
36900.8813
36900.8813
36900.8813
36900.8813
36900.8813
36900.8813
36900.8813
36900.8813
36690.3498
36839.4871
36652.5304
36652.5304
36652.5304
36652.5304
36652.5304
36652.5304
36652.5304
36652.5304
36652.5304
36652.5304
36652.5304
36652.5304
36652.5304
36652.5304
36652.5304
36652.5304
36652.5304
36652.5304
36652.5304
36652.5304
36652.5304
36652.5304
36652.5304
36652.5304
36652.5304
36652.5304
36652.5304
36652.5304
36652.5304
36652.5304
36652.5304
36652.5304
36652.5304
36652.5304
36652.5304
36652.5304
36652.5304
36652.5304
36652.5304
36652.5304
36608.2393
36608.2393
36608.2393
36608.2393
36608.2393
36608.2393
36608.2393
36608.2393
36608.2393
36605.5229
36605.5229
36605.5229
36605.5229
36605.5229
36605.5229
36605.5229
36605.5229
36605.5229
36605.5229
36605.5229
36605.5229
36605.5229
36605.5229
36605.5229
36605.5229
36605.5229
36605.5229
36605.5229
36605.5229
36605.5229
36605.5229
36605.5229
36605.5229
36605.5229
36605.5229
36605.5229
36605.5229
36605.5229
36605.5229
36605.5229
36605.5229
36605.5229
36605.5229
36605.5229
36605.5229
36605.5229
36605.5229
36605.5229
36605.5229
36605.5229
36605.5229
36605.5229
36605.5229
36605.5229
36605.5229
36605.5229
36605.5229
36605.5229
36605.5229
36605.5229
36605.5229
36605.5229
36605.5229
36605.5229
36605.5229
36605.5229
36605.5229
36605.5229
36605.5229
36605.5229
36605.5229
36605.5229
36605.5229
36605.5229
36605.5229
36605.5229
36605.5229
36517.9942
36605.5229
36605.5229
36605.5229
36605.5229
36605.5229
36605.5229
36605.5229
36605.5229
36605.5229
36605.5229
36605.5229
36605.5229
36605.5229
36605.5229
36605.5229
36605.5229
36284.9247
36284.9247
36284.9247
36284.9247
36284.9247
36284.9247
36284.9247
36284.9247
36183.5008
36183.5008
36183.5008
36183.5008
36183.5008
36183.5008
36183.5008
36183.5008
36183.5008
36183.5008
36183.5008
36183.5008
36183.5008
36183.5008
36183.5008
36183.5008
36183.5008
36183.5008
36183.5008
36183.5008
36183.5008
36183.5008
36183.5008
36183.5008
36183.5008
36183.5008
36183.5008
36183.5008
36183.5008
36183.5008
36183.5008
36183.5008
36183.5008
36183.5008
36183.5008
36183.5008
36183.5008
36183.5008
36183.5008
36183.5008
36183.5008
36183.5008
36183.5008
36183.5008
36183.5008
36183.5008
36183.5008
36183.5008
36183.5008
36176.8980
36183.5008
36183.5008
36183.5008
36183.5008
36183.5008
36183.5008
36183.5008
36183.5008
36183.5008
36183.5008
36183.5008
36183.5008
36183.5008
36183.5008
36183.5008
36183.5008
36183.5008
36022.7501
36022.7501
36022.7501
36022.7501
36022.7501
36022.7501
36022.7501
36022.7501
36022.7501
36022.7501
36022.7501
36022.7501
36022.7501
36022.7501
36022.7501
36022.7501
36022.7501
36022.7501
36022.7501
36022.7501
36022.7501
36022.7501
36022.7501
36022.7501
36022.7501
36022.7501
36022.7501
36022.7501
36022.7501
36022.7501
36022.7501
36022.7501
36022.7501
36022.7501
36022.7501
36022.7501
36022.7501
36022.7501
36022.7501
36022.7501
36022.7501
36022.7501
36022.7501
36022.7501
36022.7501
36022.7501
36022.7501
36022.7501
36022.7501
36022.7501
36022.7501
36022.7501
36022.7501
36005.9089
36005.9089
36005.9089
36005.9089
36005.9089
36004.1156
36004.1156
36004.1156
36004.1156
36004.1156
36004.1156
36004.1156
36004.1156
36004.1156
36004.1156
36004.1156
36004.1156
36004.1156
36004.1156
36004.1156
36004.1156
36004.1156
36004.1156
36004.1156
36004.1156
36004.1156
36004.1156
36004.1156
36004.1156
36004.1156
36004.1156
36004.1156
36004.1156
36004.1156
36004.1156
36004.1156
36004.1156
36004.1156
36004.1156
36004.1156
36004.1156
36004.1156
36004.1156
36004.1156
36004.1156
36004.1156
36004.1156
36004.1156
36004.1156
36004.1156
36004.1156
35956.0961
35956.0961
35956.0961
35956.0961
35956.0961
35814.1157
35814.1157
35814.1157
35814.1157
35814.1157
35814.1157
35814.1157
35814.1157
35814.1157
35814.1157
35814.1157
35814.1157
35814.1157
35814.1157
35814.1157
35814.1157
35814.1157
35814.1157
35814.1157
35814.1157
35814.1157
35814.1157
35814.1157
35814.1157
35814.1157
35814.1157
35814.1157
35814.1157
35814.1157
35814.1157
35814.1157
35814.1157
35814.1157
35814.1157
35814.1157
35814.1157
35814.1157
35814.1157
35814.1157
35814.1157
35814.1157
35814.1157
35814.1157
35814.1157
35814.1157
35814.1157
35814.1157
35814.1157
35814.1157
35814.1157
35814.1157
35814.1157
35814.1157
35814.1157
35814.1157
35814.1157
35814.1157
35814.1157
35814.1157
35814.1157
35814.1157
35814.1157
35814.1157
35814.1157
35814.1157
35814.1157
35814.1157
35814.1157
35814.1157
35814.1157
35814.1157
35814.1157
35814.1157
35814.1157
35814.1157
35814.1157
35814.1157
35814.1157
35814.1157
35814.1157
35814.1157
35814.1157
35814.1157
35814.1157
35814.1157
35814.1157
35814.1157
35814.1157
35814.1157
35814.1157
35814.1157
35814.1157
35814.1157
35814.1157
35814.1157
35814.1157
35814.1157
35814.1157
35814.1157
35814.1157
35814.1157
35814.1157
35814.1157
35814.1157
35814.1157
35814.1157
35814.1157
35814.1157
35814.1157
35814.1157
35814.1157
35814.1157
35814.1157
35814.1157
35814.1157
35814.1157
35814.1157
35814.1157
35814.1157
35814.1157
35814.1157
35814.1157
35814.1157
35814.1157
35814.1157
35814.1157
35814.1157
35814.1157
35814.1157
35814.1157
35814.1157
35814.1157
35814.1157
35814.1157
35814.1157
35814.1157
35814.1157
35814.1157
35814.1157
35814.1157
35814.1157
35783.9271
35783.9271
35783.9271
35783.9271
35783.9271
35783.9271
35783.9271
35783.9271
35783.9271
35783.9271
35783.9271
35783.9271
35783.9271
35783.9271
35783.9271
35783.9271
35783.9271
35783.9271
35783.9271
35783.9271
35783.9271
35783.9271
35783.9271
35783.9271
35783.9271
35783.9271
35783.9271
35783.9271
35783.9271
35783.9271
35783.9271
35783.9271
35783.9271
35783.9271
35783.9271
35783.9271
35741.1955
35741.1955
35741.1955
35741.1955
35741.1955
35741.1955
35741.1955
35741.1955
35741.1955
35699.3359
35699.3359
35741.1955
35741.1955
35741.1955
35741.1955
35741.1955
35741.1955
35741.1955
35741.1955
35741.1955
35741.1955
35741.1955
35741.1955
35741.1955
35741.1955
35741.1955
35741.1955
35741.1955
35741.1955
35741.1955
35741.1955
35741.1955
35741.1955
35741.1955
35741.1955
35741.1955
35729.9886
35729.9886
35729.9886
35729.9886
cycle
58092.0438
58266.4723
56747.9123
56747.9123
55849.4038
55714.0493
55581.9427
55035.0251
55849.4038
55224.0013
55426.1327
53784.5064
53218.9560
53218.9560
54570.4202
53318.9299
53318.9299
51948.0292
51805.8738
52688.4892
52288.0296
52191.2860
50661.8238
51161.4768
50789.9103
50789.9103
50389.4593
49942.1852
50179.8569
50179.8569
49934.3416
50129.2955
50129.2955
50129.2955
50081.1531
50081.1531
50081.1531
50081.1531
50081.1531
50081.1531
50081.1531
50062.5000
50062.5000
50062.5000
50062.5000
50081.1531
50023.3070
50023.3070
50023.3070
50023.3070
50023.3070
49933.2724
49875.4264
49875.4264
49875.4264
49875.4264
49875.4264
49875.4264
49875.4264
49875.4264
49875.4264
49875.4264
49875.4264
49820.8531
49820.8531
49820.8531
49495.0463
49495.0463
49495.0463
49495.0463
49495.0463
49495.0463
49495.0463
49381.1292
49381.1292
49381.1292
49381.1292
49381.1292
49381.1292
49381.1292
49381.1292
49381.1292
49381.1292
49381.1292
49381.1292
49381.1292
49381.1292
49381.1292
49381.1292
49381.1292
49381.1292
49381.1292
49381.1292
49381.1292
49364.5474
49289.9604
49306.5422
49306.5422
49306.5422
49306.5422
49306.5422
49306.5422
49306.5422
49306.5422
49306.5422
49306.5422
48746.2771
48642.5639
48642.5639
48800.1027
48797.9748
48797.9748
48800.1027
48800.1027
48800.1027
48800.1027
48692.2560
48692.2560
48346.7283
48240.4503
48346.7283
48235.7040
48235.7040
48043.5219
48043.5219
48056.9037
48056.9037
48056.9037
48056.9037
48056.9037
47945.8794
47945.8794
47945.8794
47945.8794
47945.8794
47945.8794
47945.8794
47945.8794
47945.8794
47945.8794
47945.8794
47945.8794
47945.8794
47945.8794
47945.8794
47945.8794
47945.8794
47945.8794
47945.8794
47945.8794
47945.8794
47945.8794
47945.8794
47945.8794
47945.8794
47945.8794
47945.8794
47945.8794
47945.8794
47945.8794
47945.8794
47945.8794
47945.8794
47945.8794
47945.8794
47945.8794
47945.8794
47945.8794
47945.8794
47422.6681
47311.8374
47311.8374
47250.4683
46892.5146
46892.5146
46892.5146
46892.5146
46892.5146
46892.5146
46824.8130
46824.8130
46824.8130
46824.8130
46557.7781
46557.7781
46557.7781
46557.7781
46553.4349
46553.4349
46553.4349
46405.4903
46405.4903
46405.4903
46401.1470
46401.1470
46401.1470
46401.1470
46401.1470
46401.1470
46388.7659
46388.7659
46388.7659
45986.3679
45986.3679
45986.3679
45986.3679
45986.3679
45969.6435
45973.9868
45973.9868
45904.7524
45969.6435
45932.4295
45932.4295
45932.4295
45932.4295
45915.7052
45915.7052
45915.7052
45915.7052
45915.7052
45915.7052
45915.7052
45915.7052
45915.7052
45915.7052
45915.7052
45915.7052
45915.7052
45915.7052
45915.7052
45915.7052
45915.7052
45915.7052
45915.7052
45915.7052
45915.7052
45915.7052
45915.7052
45915.7052
45915.7052
45915.7052
45915.7052
45915.7052
45915.7052
45915.7052
45915.7052
45838.2340
45838.2340
45838.2340
45838.2340
45838.2340
45453.1928
45453.1928
45453.1928
45453.1928
45375.7217
45375.7217
45375.7217
45375.7217
45375.7217
45375.7217
45375.7217
45375.7217
45375.7217
45375.7217
45375.7217
45375.7217
45375.7217
45375.7217
45288.2256
45288.2256
45091.9096
44946.7249
44872.8972
44872.8972
44872.8972
44872.8972
44872.8972
44577.5871
44577.5871
44577.5871
44577.5871
44577.5871
44577.5871
44577.5871
44547.3901
44547.3901
44547.3901
44547.3901
44547.3901
44397.6435
44355.5892
44355.5892
44355.5892
44355.5892
44173.3670
44173.3670
44173.3670
44173.3670
44021.7226
44021.7226
44021.7226
44021.7226
44021.7226
44021.7226
44021.7226
44008.0542
44008.0542
44008.0542
44008.0542
44008.0542
44008.0542
43773.9946
43568.5524
43568.5524
43568.5524
43568.5524
43568.5524
43568.5524
43568.5524
43560.3997
43172.8970
43172.8970
43172.8970
43172.8970
43172.8970
43172.8970
43172.8970
43172.8970
43172.8970
43172.8970
43172.8970
43172.8970
43172.8970
43172.8970
43172.8970
43172.8970
43172.8970
43172.8970
43172.8970
43172.8970
43172.8970
43172.8970
43126.3332
43172.8970
43172.8970
43172.8970
43172.8970
43172.8970
43133.7909
43133.7909
43133.7909
43133.7909
43133.7909
43133.7909
43133.7909
43133.7909
43133.7909
43133.0433
43133.7909
43133.7909
43133.7909
43052.8036
43052.8036
42813.4283
42813.4283
42813.4283
42813.4283
42617.8213
42617.8213
42617.8213
42617.8213
42617.8213
42617.8213
42617.8213
42617.8213
42617.8213
42617.8213
42617.8213
42617.8213
42617.8213
42617.8213
42617.8213
42617.8213
42617.8213
42617.8213
42617.8213
42617.8213
42549.5616
42549.5616
42549.5616
42549.5616
42549.5616
42549.5616
42549.5616
42416.3587
42416.3587
42416.3587
42416.3587
42416.3587
42416.3587
42416.3587
42416.3587
42416.3587
42416.3587
42405.5398
42405.5398
42405.5398
42405.5398
42405.5398
42405.5398
42405.5398
42405.5398
42405.5398
42405.5398
42405.5398
42405.5398
42405.5398
42139.7410
42405.5398
42405.5398
42405.5398
42405.5398
42405.5398
42390.0794
42297.3903
42297.3903
42297.3903
42274.1745
42166.0250
42166.0250
41827.6709
41826.1432
41710.2382
41710.2382
41623.1162
41623.1162
41623.1162
41623.1162
41623.1162
41623.1162
41623.1162
41623.1162
41494.8646
41494.8646
41444.1741
41444.1741
41391.6631
41391.6631
41391.6631
41275.7582
41275.7582
41275.7582
41275.7582
41275.7582
41260.2978
41260.2978
41260.2978
41260.2978
41260.2978
41260.2978
41260.2978
41255.2900
41260.2978
41260.2978
41260.2978
41260.2978
41260.2978
41260.2978
41260.2978
41260.2978
41260.2978
41260.2978
41260.2978
41260.2978
41260.2978
41260.2978
41260.2978
41260.2978
41260.2978
41260.2978
41260.2978
41181.3621
41181.3621
41181.3621
41181.3621
41181.3621
41181.3621
41181.3621
41181.3621
41181.3621
41181.3621
41181.3621
41181.3621
41181.3621
41181.3621
41181.3621
41181.3621
41181.3621
41181.3621
41181.3621
41181.3621
41181.3621
41181.3621
41181.3621
41181.3621
41181.3621
41181.3621
41181.3621
41181.3621
40997.1358
40997.1358
40997.1358
40997.1358
40997.1358
40997.1358
40997.1358
40997.1358
40997.1358
40997.1358
40997.1358
40997.1358
40997.1358
40949.4197
40949.4197
40949.4197
40949.4197
40949.4197
40949.4197
40949.4197
40949.4197
40949.4197
40949.4197
40949.4197
40949.4197
40949.4197
40949.4197
40949.4197
40695.8467
40695.8467
40695.8467
40695.8467
40695.8467
40695.8467
40695.8467
40695.8467
40695.8467
40695.8467
40695.8467
40695.8467
40695.8467
40695.8467
40695.8467
40695.8467
40695.8467
40695.8467
40695.8467
40561.4204
40695.8467
40695.8467
40695.8467
40695.8467
40695.8467
40695.8467
40695.8467
40695.8467
40695.8467
40695.8467
40695.8467
40695.8467
40695.8467
40695.8467
40695.8467
40695.8467
40695.8467
40695.8467
40695.8467
40695.8467
40695.8467
40695.8467
40695.8467
40695.8467
40695.8467
40695.8467
40695.8467
40695.8467
40695.8467
40695.8467
40695.8467
40695.8467
40695.8467
40695.8467
40695.8467
40695.8467
40695.8467
40695.8467
40695.8467
40695.8467
40695.8467
40695.8467
40617.2804
40617.2804
40463.6458
40463.6458
40570.5921
40477.3485
40477.3485
40477.3485
40477.3485
40477.3485
40407.2010
40407.2010
40352.0939
40352.0939
40352.0939
40352.0939
40281.9464
40281.9464
40281.9464
40281.9464
40281.9464
40281.9464
40281.9464
40281.9464
40281.9464
40281.9464
40281.9464
40281.9464
40281.9464
40281.9464
40281.9464
40281.9464
40281.9464
40281.9464
40281.9464
40281.9464
40281.9464
40281.9464
40281.9464
40281.9464
40281.9464
40281.9464
40279.9713
40279.9713
40271.2077
40279.9713
40156.0171
40156.0171
40156.0171
40156.0171
40156.0171
40156.0171
40156.0171
40156.0171
40156.0171
40156.0171
40156.0171
40156.0171
40156.0171
39990.4287
39990.4287
39990.4287
39990.4287
39990.4287
39990.4287
39990.4287
39990.4287
39990.4287
39990.4287
39990.4287
39990.4287
39941.1605
39941.1605
39941.1605
39941.1605
39941.1605
39945.4982
39945.4982
39945.4982
39945.4982
39945.4982
39945.4982
39945.4982
39945.4982
39945.4982
39945.4982
39945.4982
39945.4982
39945.4982
39942.7502
39942.7502
39942.7502
39782.6139
39782.6139
39782.6139
39782.6139
39782.6139
39782.6139
39782.6139
39782.6139
39782.6139
39782.6139
39782.6139
39782.6139
39782.6139
39782.6139
39782.6139
39782.6139
39782.6139
39782.6139
39782.6139
39782.6139
39782.6139
39782.6139
39782.6139
39713.1292
39713.1292
39782.6139
39782.6139
39782.6139
39782.6139
39782.6139
39782.6139
39782.6139
39782.6139
39738.2294
39738.2294
39738.2294
39711.7831
39711.7831
39711.7831
39711.7831
39711.7831
39586.0885
39586.0885
39586.0885
39586.0885
39559.6421
39559.6421
39559.6421
39559.6421
39559.6421
39559.6421
39559.6421
39559.6421
39559.6421
39559.6421
39559.6421
39559.6421
39559.6421
39559.6421
39559.6421
39559.6421
39191.8446
39191.8446
39191.1124
39191.1124
39191.1124
39191.8446
39191.8446
39191.8446
39191.8446
39166.9963
39166.9963
39166.9963
39166.9963
39166.9963
39166.9963
39166.9963
39166.9963
39166.9963
39166.9963
39166.9963
39166.2486
39166.2486
39166.2486
39166.2486
39166.2486
39166.2486
39166.2486
39166.2486
39166.2486
39166.2486
39166.2486
39166.2486
39166.2486
39166.2486
39166.2486
39166.2486
39166.2486
39166.2486
39145.1573
39145.1573
39145.1573
39145.1573
39145.1573
39145.1573
39145.1573
39145.1573
39145.1573
39145.1573
39145.1573
39145.1573
39145.1573
39145.1573
39145.1573
39145.1573
39145.1573
39145.1573
39145.1573
39145.1573
39145.1573
39145.1573
39145.1573
39145.1573
39145.1573
39145.1573
39145.1573
39145.1573
39145.1573
39145.1573
39145.1573
39145.1573
39145.1573
39145.1573
39145.1573
39145.1573
39145.1573
39145.1573
39145.1573
39145.1573
39145.1573
39145.1573
39136.7830
39136.7830
39136.7830
39145.1573
39145.1573
39145.1573
39145.1573
39145.1573
39145.1573
39145.1573
39145.1573
39145.1573
39145.1573
39145.1573
39145.1573
39145.1573
39145.1573
39145.1573
39145.1573
39145.1573
39145.1573
39145.1573
39145.1573
39145.1573
39145.1573
39145.1573
39145.1573
39145.1573
39145.1573
39145.1573
39039.8742
39039.8742
39039.8742
39039.8742
39039.8742
39039.8742
39039.8742
39039.8742
39039.8742
39039.8742
39039.8742
39039.8742
39039.8742
39039.8742
39039.8742
39039.8742
39039.8742
39039.8742
39039.8742
39039.8742
39039.8742
39039.8742
39039.8742
39039.8742
39039.8742
39039.8742
39039.8742
39039.8742
39039.8742
39039.8742
39039.8742
39039.8742
39039.8742
39039.8742
39039.8742
39039.8742
39039.8742
39039.8742
39039.8742
39039.8742
39039.8742
39039.8742
39039.8742
39039.8742
39039.8742
39039.8742
39039.8742
38923.1848
38923.1848
38923.1848
38923.1848
38923.1848
38923.1848
38923.1848
38923.1848
38923.1848
38923.1848
38923.1848
38923.1848
38923.1848
38923.1848
38923.1848
38923.1848
38923.1848
38923.1848
38923.1848
38923.1848
38923.1848
38923.1848
38923.1848
38923.1848
38923.1848
38674.9877
38674.9877
38674.9877
38674.9877
38674.9877
38674.9877
38653.7315
38653.7315
38653.7315
38653.7315
38653.7315
38653.7315
38653.7315
38653.7315
38653.7315
38653.7315
38653.7315
38653.7315
38653.7315
38653.7315
38653.7315
38653.7315
38653.7315
38653.7315
38653.7315
38653.7315
38653.7315
38653.7315
38653.7315
38653.7315
38653.7315
38653.7315
38653.7315
38653.7315
38653.7315
38653.7315
38653.7315
38653.7315
38653.7315
38653.7315
38651.0390
38651.0390
38651.0390
38651.0390
38651.0390
38554.0922
38651.0390
38651.0390
38651.0390
38651.0390
38651.0390
38651.0390
38651.0390
38651.0390
38651.0390
38651.0390
38651.0390
38651.0390
38651.0390
38651.0390
38651.0390
38651.0390
38651.0390
38651.0390
order
58688.5010
59169.1435
56779.6721
57155.8376
55086.4431
56433.3663
57431.3226
57659.4563
56608.7874
55826.4322
56630.1518
56033.0849
55497.3732
55257.7066
56119.9277
56119.9277
55061.3293
54893.7653
56220.3363
54437.7340
54089.0429
53451.8258
53451.8258
53451.8258
53451.8258
54163.4509
51458.9628
53860.0028
53280.4402
52154.1109
53046.0833
53077.1322
52645.1052
52283.2829
53384.5469
52734.6161
52409.1439
52409.1439
50692.2000
52813.3521
51811.9490
52813.3521
52669.6041
51536.7304
51761.4946
51761.4946
51630.9218
51965.9949
51905.5310
52285.6069
51407.4588
50410.8935
51555.9630
50514.3821
50586.4799
50586.4799
50586.4799
50393.7108
49677.7351
49677.7351
49673.5664
49677.7351
50013.2354
50319.7908
50417.4108
50417.4108
50390.1699
50247.6224
50015.8919
50142.2617
48652.9295
50331.7061
49474.0363
49104.1744
49104.1744
49104.1744
49915.3510
49600.3598
47819.2394
47819.2394
48814.4240
49756.3388
50119.5171
50324.3066
50117.4729
50384.3562
49745.1546
49125.1657
49125.1657
49125.1657
48988.7648
48757.6708
48757.6708
49042.3423
49715.6793
49257.3857
49826.5293
49594.3718
49396.0781
48776.8666
49601.1891
49542.1472
49353.3009
48746.1351
48299.1836
48646.1657
48389.7901
47670.6519
48786.5561
48398.1512
47900.8886
47644.4233
47644.4233
48293.8332
48033.3016
47968.1954
47968.1954
48139.1055
48058.3339
47793.3112
47736.9859
47736.9859
47047.1146
47047.1146
47479.6516
47479.6516
47180.7098
47092.1760
46620.2816
46620.2816
47278.0665
46871.7728
47229.1519
46754.7109
46976.9075
46976.9075
46704.6893
46704.6893
46808.5078
46808.5078
46466.1842
45091.2004
46604.2047
46604.2047
46349.1103
46604.2047
46119.6768
46074.2977
45973.2785
45973.2785
45438.8362
45438.8362
45913.5794
45700.4210
45700.4210
45700.4210
45700.4210
46464.8805
46263.1509
46661.8929
45324.7367
46128.5727
45432.6243
45432.6243
45432.6243
45609.5925
46262.5457
46486.8331
46486.8331
46486.8103
46486.8103
46486.8103
46703.9983
45879.5783
45681.4063
45799.0794
45799.0794
45799.0794
46368.7341
46368.7341
46146.5334
45697.8182
45373.4100
45578.6817
46222.8749
45432.6220
47001.3153
46732.2687
44982.4671
44982.4671
44982.4671
45272.6415
45593.3900
45614.9057
45864.3825
45268.4808
45282.2807
45423.8469
45012.3612
44603.0822
44121.3539
44959.7315
45114.9547
44918.4502
44257.6683
45001.1306
44641.8902
43240.7347
43240.7347
43240.7347
44677.4469
44439.5339
43782.6730
44340.7519
43865.7308
43865.7308
43956.2192
43956.2192
44392.8082
44392.8082
45494.1339
44693.4256
45116.6116
44650.6002
45026.7577
44459.8943
44459.8943
44730.3194
44556.0504
44556.0504
43317.7099
44506.5667
44736.0512
44736.0512
44712.6891
44121.4213
43709.5034
43709.5034
43709.5034
44251.0907
44644.8977
44876.1923
44876.1923
45385.5276
44299.7426
44299.7426
45441.7400
45889.6768
45059.8223
45059.8223
45059.8223
45059.8223
45059.8223
45059.8223
45059.8223
45510.8253
46909.7849
46165.3224
46554.0043
46645.4377
45717.0353
45321.8530
46347.3569
46125.8077
46260.0196
44695.4736
44695.4736
44695.4736
44695.4736
44831.9083
46385.1014
46385.1014
46385.1014
46946.8884
46465.5586
46465.5586
46651.9780
46915.9616
46713.3630
46196.8883
46196.8883
46196.8883
45536.3333
46509.2756
44810.8779
46223.5668
46111.5102
46266.8102
46266.8102
46335.1261
46842.8520
45006.7861
46229.6319
46639.1351
44886.8727
45725.6784
47061.0164
46000.0380
46000.0380
46853.8382
46792.0335
46486.5039
46486.5039
46322.0515
46498.8079
45723.1624
45588.0693
46732.2808
46275.6327
45841.8176
45845.8704
44835.9824
44835.9824
44835.9824
44835.9824
46354.6924
45372.4436
46999.7768
46233.0817
47060.1124
44371.5492
44371.5492
46616.3890
46727.8153
45115.8482
44592.4088
44818.1319
44818.1319
44943.6272
43933.9259
43933.9259
44254.1565
44220.3995
44120.4193
42668.4289
42668.4289
43694.4909
43567.5941
44285.8604
43593.8819
43593.8819
43593.8819
43393.6044
43393.6044
43771.0705
43370.6360
43793.0668
43793.0668
44408.8940
43795.8274
43862.6482
44120.4424
44626.4139
43027.5547
43027.5547
44170.8505
44389.8761
44581.1801
43789.0967
45260.1502
44505.4769
44959.3616
45343.0556
44103.3695
44020.1655
45201.7283
45131.6571
43405.8100
44429.3553
44976.5424
44592.4311
44467.0944
44873.5885
43747.1206
44621.3136
44891.5767
44891.5767
45517.2957
44580.6136
44580.6136
44240.8908
45157.7850
45157.7850
44841.5901
45112.5655
44133.7369
44133.7369
44315.2418
45635.7499
44592.3538
44253.1803
44985.9304
44186.5938
44186.5938
44978.2895
44256.7816
44947.8921
45232.6126
45232.6126
44618.9498
44293.4132
44582.4902
43362.2904
43362.2904
44573.4442
44573.4442
44992.7459
45239.8979
44944.0032
44878.5022
45735.6947
45606.9553
45501.5710
43982.5928
45091.0132
45108.1614
45108.1614
45289.7003
45289.7003
45431.1796
45153.7220
46157.8453
46278.7635
44176.6590
44176.6590
45681.4053
44682.2049
45855.3011
45681.2724
45746.4761
45850.5364
46023.1237
46153.1806
45163.8311
46099.9980
45627.6021
45627.6021
45627.6021
44172.4544
44172.4544
44172.4544
44172.4544
46105.3803
45745.9631
44854.6352
44735.1612
44740.8214
45789.5010
45565.9009
45483.1960
45483.1960
45906.7165
46006.8822
45568.0176
45919.1297
45758.1865
45530.3330
44332.9790
44332.9790
45047.8500
45994.7220
45241.8722
45994.7220
45994.7220
46421.6922
46351.9646
45683.5582
46230.3276
45400.0672
45025.2213
45391.7009
46019.4770
45271.6159
45271.6159
46362.7982
45736.5795
45896.5016
46298.1830
46284.8948
44906.1002
44589.0167
46487.0978
46703.7855
46512.5115
46512.5115
46314.8054
45650.4016
46412.6857
46164.1067
45977.0140
46286.2683
46813.9557
46209.9860
46209.9860
46030.9380
46416.6017
45886.1949
45895.7666
45795.2787
46603.3412
45867.3749
45802.1031
45731.3760
44291.9918
44291.9918
45067.0514
45406.1416
44610.6858
44703.7376
44807.9613
44345.3609
44345.3609
44345.3609
44345.3609
44104.5938
43868.8213
44056.8086
44520.3224
42899.4685
44105.1113
44105.1113
43824.9330
44283.4786
44434.1230
44434.1230
44372.7766
44332.3441
44546.0580
45281.6834
44586.2590
43657.6668
43702.1168
43702.1168
44280.7053
42890.0921
43664.2426
44176.0168
44234.1614
44142.2573
43895.0034
43895.0034
43895.0034
43560.9253
44578.5535
44353.8293
44353.8293
44353.8293
43825.4731
44672.0166
44672.0166
45093.4747
44190.7503
44410.1309
45015.6352
45218.8155
44770.0556
44336.9458
44898.1984
44906.4936
44906.4936
45851.3847
44926.2037
44728.8315
44722.3044
44722.3044
44722.3044
44722.3044
44722.3044
44645.3155
45064.7342
44325.2372
44638.7873
44638.7873
44628.7114
44628.7114
44022.8094
44766.0902
44918.1118
44863.5969
44863.5969
45067.1132
43869.8958
44372.6087
45405.4449
45276.3442
44512.3154
44474.0981
44497.2911
46236.2292
44966.5633
44966.5633
45828.5661
43155.3564
44070.4068
44070.4068
44952.9283
45709.6923
44137.6301
45974.2569
44602.8728
45608.5131
45619.7285
45595.8897
45009.3476
45009.3476
45009.3476
45171.3349
45220.1868
45632.4117
44393.0436
44393.0436
44597.2736
45399.9779
45399.9779
45353.7264
45558.5990
45461.0068
45461.0068
45302.1692
46128.0306
45834.0070
44780.6232
45686.8366
45471.7395
45670.2344
44957.3071
44986.2476
44986.2476
45357.6407
45590.5266
44919.7126
44465.1451
44930.6154
44453.0520
45443.6015
45443.6015
44890.5624
44890.5624
44890.5624
44890.5624
44754.5946
44582.4693
44995.9473
43467.3045
43467.3045
44510.2495
44510.2495
44681.7964
44670.5596
44340.5853
44863.1807
44781.1915
44781.1915
44781.1915
44515.3972
44781.1915
44781.1915
44518.4345
44809.1517
45848.5774
44721.3276
44721.3276
44721.3276
44999.8414
44701.9903
44701.9903
44701.9903
44782.5539
45170.1356
44832.8718
44832.8718
44680.1500
43921.3100
43921.3100
43921.3100
43921.3100
43130.7681
43650.8796
43921.3100
43921.3100
43562.7723
43826.6999
43826.6999
44454.9068
44255.2673
44341.6866
45006.6500
45006.6500
43716.7136
45058.6281
45390.0015
45390.0015
45246.9103
45643.2365
45077.8854
45214.9040
45122.0643
45122.0643
45122.0643
45122.0643
44084.1260
46237.5895
45543.1669
45435.4383
45336.1015
45336.1015
45272.9755
46248.1288
45729.1705
45532.6974
44578.3815
44578.3815
45706.8442
44629.9148
44629.9148
45091.6394
45091.6394
45154.0688
45095.6824
45817.0984
45832.6356
45841.1032
45271.0389
45301.2758
45093.3873
45612.8315
45222.5276
45157.1982
45156.3325
45157.1982
45157.1982
45157.1982
45157.1982
45439.4459
46182.9365
45295.8188
46182.9365
46182.9365
45859.1044
45150.5441
45772.7706
45400.2568
45706.7715
44452.4034
45974.7350
45785.0099
45837.5970
45953.3421
46084.5580
45644.9886
45803.5427
45663.1529
45663.1529
45762.1854
45564.1321
45657.8906
45186.6708
46413.6303
46413.6303
46413.6303
45477.4426
45156.3847
44593.3640
46008.2117
46701.2493
45632.0195
45632.0195
45632.0195
45632.0195
46536.8588
46662.5702
46662.5702
46662.5702
45729.8632
46502.2567
46502.2567
45969.0870
46015.9626
45925.7275
45925.7275
45068.8459
45677.0405
45242.0724
45242.0724
45694.9608
45945.4440
45984.1541
45783.1487
45157.7594
44833.4821
45873.2038
45873.2038
45448.8575
44659.4128
46022.9073
45478.0911
45478.0911
45330.5964
45330.5964
45833.2725
45909.8247
45909.8247
45762.7388
45395.6851
44032.2248
44539.4971
44539.4971
44539.4971
45880.9247
46029.4447
46029.4447
46226.5260
44339.8281
44339.8281
44322.3495
44322.3495
44322.3495
45101.6615
45378.2781
44944.9752
44527.2076
44527.2076
44527.2076
45743.1142
46431.5222
46116.8375
46116.8375
46449.8675
46365.5762
45829.5756
45757.5945
44320.4784
45998.7606
45969.3473
45961.4546
46173.5747
46111.6822
46204.8882
45505.7516
45870.2468
46757.2674
46695.1255
45357.9213
47101.4202
45808.1682
46400.8480
46477.6928
46955.7880
46955.7880
46313.2782
46313.2782
46313.2782
46313.2782
47533.8687
48035.3099
47738.2893
47588.6563
47588.6563
46466.5257
48308.9669
47661.6552
47090.4045
48085.5573
47883.7008
46422.4357
46358.0371
46358.0371
46358.0371
47556.1265
46947.1081
46375.0173
45275.6441
45157.8387
46375.0173
45813.3837
46035.1704
46995.2607
47161.5358
46071.2343
46730.7880
45757.9561
45750.2158
45757.9561
43758.4627
46128.4746
46128.4746
46128.4746
46368.5855
46145.2623
46145.2623
46572.2673
45581.5752
45784.6089
45243.4540
45740.9442
44282.5113
44282.5113
44558.6519
45456.1295
43938.0254
45660.8129
44481.5719
45300.4327
45455.4572
45455.4572
45022.6663
45216.5584
44339.0170
46164.7469
45278.1455
45817.5956
45072.1986
45072.1986
45072.1986
45380.5036
45455.0651
45443.8145
44651.4179
45411.0389
44345.3880
44253.4789
44345.3880
44922.4522
45672.5148
45639.7469
45193.5726
44878.0559
43941.0120
45341.8349
45337.3612
45294.8675
45294.8675
44922.9811
44952.4052
45182.4168
45182.4168
44970.5785
44795.2468
44795.2468
44855.4863
44569.3140
44569.3140
44569.3140
44569.3140
43365.9634
45234.4209
45474.4820
45932.8213
45932.8213
44550.3522
44550.3522
44550.3522
46141.6359
46618.5010
46274.3903
46194.7901
46216.1569
46094.9297
47037.1978
46648.4673
45192.0989
45952.4583
45551.7493
46297.2564
46297.2564
46635.5797
44972.3732
45948.8456
46151.3558
46151.3558
45807.8442
46840.7452
46643.7755
46643.7755
46242.5203
46065.1015
45201.7165
45610.8673
46729.6929
46175.9324
46175.9324
46566.0181
45996.8187
46140.5733
45353.0631
45837.0137
46000.2333
46646.8986
45867.0773
45222.8490
45222.8490
45222.8490
45222.8490
45902.4910
46723.0395
45605.0676
45217.6085
46619.6902
45890.4795
46676.1829
precedence
59751.6851
59751.6851
59229.7437
58762.6756
58762.6756
58580.2342
58662.2052
58762.6756
59038.6670
59579.8270
59807.8610
59395.2933
57181.7905
58948.7576
58948.7576
59559.5795
59666.1937
57152.9587
59666.1937
59666.1937
59345.1402
58801.5475
58801.5475
58916.1368
60271.2223
58624.4291
59997.4049
60139.2429
60463.7535
59842.4634
59444.1567
59032.7266
58483.4953
59032.7266
58733.8217
58918.2055
57831.4491
56863.6511
57765.4177
57765.4177
57274.0318
56983.8422
56020.9192
56052.0053
56052.0053
56983.8422
56690.3897
55752.5086
55275.5075
55275.5075
56297.3140
56311.1620
55082.3416
54227.5232
54130.2457
54130.2457
53890.5184
53607.5808
53607.5808
53714.7133
53366.2426
53366.2426
54000.7447
53283.0535
53283.0535
53369.1468
53369.1468
52898.2639
53639.2675
53565.3630
52760.4525
52760.4525
52858.6390
51869.3009
51869.3009
51873.3127
51873.3127
51873.3127
51723.3193
50627.8336
51401.7441
51522.8482
51057.1794
51057.1794
50931.3244
50666.7459
50666.7459
50666.7459
50778.3680
50205.5645
50205.5645
50229.2760
50104.1354
50104.1354
49884.4596
49884.4596
49816.1996
49900.4488
49816.1996
49816.1996
49716.7958
49716.7958
49716.7958
49647.8626
49647.8626
49647.8626
49647.8626
49647.8626
49647.8626
49647.8626
49647.8626
49409.6624
49214.8058
49214.8058
49214.8058
49214.8058
49284.2298
49284.2298
49284.2298
49647.8626
49647.8626
49647.8626
49647.8626
49647.8626
49647.8626
49614.9010
49647.8626
49453.9986
49453.9986
49647.8626
49647.8626
49109.6603
49647.8626
49647.8626
49647.8626
49647.8626
49647.8626
49642.6392
49623.4738
49496.4682
49366.3979
49295.8439
49062.3923
48927.7675
48927.7675
49224.1056
49224.1056
49176.5592
49176.5592
48916.5746
49366.3979
49366.3979
49319.2285
49319.2285
49319.2285
49319.2285
49319.2285
49319.2285
49366.3979
49366.3979
49366.3979
49258.3472
49191.4129
49207.3971
49339.1133
49339.1133
49175.2649
48720.7098
48720.7098
49361.8562
49366.3979
48997.0779
48997.0779
48997.0779
49294.1274
49294.1274
49095.3083
49095.3083
49095.3083
49366.3979
49366.3979
49366.3979
49366.3979
49366.3979
49366.3979
49366.3979
49366.3979
49366.3979
49366.3979
49366.3979
48988.2594
49366.3979
49366.3979
49366.3979
49366.3979
49366.3979
49366.3979
49366.3979
49366.3979
49366.3979
49366.3979
49366.3979
49366.3979
49366.3979
49366.3979
49366.3979
49095.7749
49095.7749
49095.7749
49103.0495
49103.0495
49103.0495
49103.0495
49103.0495
49103.0495
49103.0495
49103.0495
49103.0495
49103.0495
49103.0495
49103.0495
49103.0495
49366.3979
49366.3979
49366.3979
49366.3979
49366.3979
49366.3979
49366.3979
49366.3979
49366.3979
49366.3979
49366.3979
49366.3979
49145.5332
49366.3979
49349.3796
49349.3796
49366.3979
49366.3979
49341.3765
49366.3979
49366.3979
49366.3979
49366.3979
49366.3979
49366.3979
49366.3979
49366.3979
49366.3979
49366.3979
49366.3979
49366.3979
49366.3979
49366.3979
49366.3979
49205.0998
49205.0998
48821.3458
48821.3458
48821.3458
49366.3979
49366.3979
49366.3979
49366.3979
49366.3979
49366.3979
49366.3979
49366.3979
49366.3979
49366.3979
49366.3979
49366.3979
49366.3979
49366.3979
49366.3979
49366.3979
49366.3979
49366.3979
49366.3979
48913.6231
49366.3979
49366.3979
49366.3979
49366.3979
48734.6345
48734.6345
49366.3979
49339.2811
49333.5153
49333.5153
49333.5153
49333.5153
49333.5153
49333.5153
49333.5153
49333.5153
49333.5153
49333.5153
49333.5153
49333.5153
49333.5153
49333.5153
49333.5153
49333.5153
49333.5153
49333.5153
49333.5153
49333.5153
49333.5153
49127.4603
49333.5153
49333.5153
49333.5153
49333.5153
49244.3407
49244.3407
49333.5153
49333.5153
49333.5153
49333.5153
49333.5153
49333.5153
49230.9850
49177.2266
49177.2266
49177.2266
49230.9850
49333.5153
49333.5153
49333.5153
49333.5153
49333.5153
49333.5153
49333.5153
49333.5153
49333.5153
48971.4209
49008.6431
48571.3770
48571.3770
48571.3770
49333.5153
49333.5153
49333.5153
49333.5153
49333.5153
49333.5153
49333.5153
49333.5153
48865.3642
49276.3052
49276.3052
49276.3052
49276.3052
49276.3052
49276.3052
49276.3052
49276.3052
49253.7053
49253.7053
49276.3052
49276.3052
49276.3052
49276.3052
49276.3052
49276.3052
49254.2573
49254.2573
49254.2573
49254.2573
49254.2573
49276.3052
49276.3052
49276.3052
49276.3052
49276.3052
49276.3052
49276.3052
49276.3052
49276.3052
49276.3052
49276.3052
49276.3052
49276.3052
49276.3052
49276.3052
49276.3052
49276.3052
49276.3052
49276.3052
49276.3052
49078.1978
49005.6760
49005.6760
49005.6760
49005.6760
49005.6760
49005.6760
49005.6760
48948.1775
48967.5948
49005.6760
48965.7750
49005.6760
49005.6760
49005.6760
49005.6760
49005.6760
49005.6760
49005.6760
49005.6760
48840.1771
48840.1771
48694.0199
49005.6760
49005.6760
49005.6760
49005.6760
49005.6760
49005.6760
49005.6760
49005.6760
49005.6760
49005.6760
49005.6760
49005.6760
49005.6760
49005.6760
48939.9010
49005.6760
49005.6760
49005.6760
48690.2907
48871.7882
48871.7882
48997.1748
48997.1748
48997.1748
48997.1748
48997.1748
48997.1748
48997.1748
48997.1748
48674.2053
48977.5539
48757.1352
48640.0563
48476.4725
48476.4725
48010.5208
48010.5208
48234.1544
48388.2231
48120.4362
48120.4362
48120.4362
48120.4362
48120.4362
48120.4362
48120.4362
48335.3443
48267.5953
48267.5953
48405.2305
48405.2305
48405.2305
48409.0462
48137.6343
48137.6343
48389.7946
48389.7946
48137.6343
48137.6343
48137.6343
48137.6343
48137.6343
48137.6343
48137.6343
48137.6343
48137.6343
48137.6343
47981.1081
47981.1081
47981.1081
47981.1081
47981.1081
47981.1081
47981.1081
47981.1081
47981.1081
47981.1081
47981.1081
47981.1081
47981.1081
47981.1081
47981.1081
47981.1081
47981.1081
47981.1081
47172.9782
47924.8906
47981.1081
47981.1081
47981.1081
47981.1081
47981.1081
47981.1081
47981.1081
47981.1081
47981.1081
47981.1081
47981.1081
47964.1802
47981.1081
47981.1081
47981.1081
47981.1081
47981.1081
47981.1081
47981.1081
47981.1081
47981.1081
47981.1081
47981.1081
47981.1081
47981.1081
47981.1081
47981.1081
47981.1081
47981.1081
47858.9431
47981.1081
47506.0694
47981.1081
47981.1081
47981.1081
47981.1081
47981.1081
47981.1081
47981.1081
47981.1081
47981.1081
47981.1081
47981.1081
47981.1081
47981.1081
47981.1081
47981.1081
47981.1081
47981.1081
47981.1081
47981.1081
47981.1081
47981.1081
47605.1105
47605.1105
47605.1105
47981.1081
47981.1081
47981.1081
47981.1081
47981.1081
47981.1081
47981.1081
47981.1081
47981.1081
47981.1081
47981.1081
47981.1081
47981.1081
47981.1081
47981.1081
47908.0873
47981.1081
47981.1081
47981.1081
47981.1081
47981.1081
47981.1081
47981.1081
47981.1081
47837.9138
47981.1081
47981.1081
47981.1081
47981.1081
47879.1087
47879.1087
47981.1081
47981.1081
47981.1081
47981.1081
47981.1081
47981.1081
47981.1081
47981.1081
47981.1081
47981.1081
47981.1081
47981.1081
47981.1081
47981.1081
47981.1081
47981.1081
47981.1081
47981.1081
47981.1081
47981.1081
47751.3787
47751.3787
47981.1081
47981.1081
47981.1081
47981.1081
47981.1081
47981.1081
47981.1081
47981.1081
47981.1081
47981.1081
47981.1081
47609.6050
47609.6050
47609.6050
47609.6050
47609.6050
47609.6050
47425.6837
47425.6837
47425.6837
47425.6837
47609.6050
47609.6050
47609.6050
47609.6050
47609.6050
47609.6050
47609.6050
47609.6050
47377.5435
47377.5435
47377.5435
47609.6050
47609.6050
47609.6050
47609.6050
47609.6050
47609.6050
47609.6050
47609.6050
47609.6050
47609.6050
47609.6050
47609.6050
47609.6050
47609.6050
47609.6050
47609.6050
47609.6050
47609.6050
47609.6050
47609.6050
47609.6050
47609.6050
47590.9454
47609.6050
47609.6050
47609.6050
47609.6050
47609.6050
47609.6050
47609.6050
47609.6050
47609.6050
47609.6050
47609.6050
47609.6050
47609.6050
47609.6050
47609.6050
47609.6050
47609.6050
47609.6050
47609.6050
47609.6050
47609.6050
47609.6050
47609.6050
47609.6050
47609.6050
47609.6050
47609.6050
47609.6050
47609.6050
47609.6050
47504.1721
47609.6050
47609.6050
47609.6050
47609.6050
47609.6050
47609.6050
47609.6050
47609.6050
47609.6050
47609.6050
47609.6050
47609.6050
47609.6050
47609.6050
47609.6050
47609.6050
47609.6050
47609.6050
47609.6050
47609.6050
47609.6050
47609.6050
47609.6050
47425.6837
47609.6050
47609.6050
47609.6050
47609.6050
47609.6050
47609.6050
47609.6050
47379.8757
47379.8757
47240.2849
47609.6050
47609.6050
47609.6050
47609.6050
47609.6050
47609.6050
47609.6050
47609.6050
47609.6050
47609.6050
47609.6050
47609.6050
47609.6050
47609.6050
47609.6050
47609.6050
47609.6050
47609.6050
47609.6050
47609.6050
47609.6050
47547.4295
47547.4295
47609.6050
47609.6050
47609.6050
47609.6050
47609.6050
47609.6050
47609.6050
47609.6050
47609.6050
47591.6284
47591.6284
47609.6050
47609.6050
47609.6050
47609.6050
47609.6050
47609.6050
47609.6050
47609.6050
47609.6050
47609.6050
47609.6050
47609.6050
47609.6050
47609.6050
47609.6050
47609.6050
47609.6050
47609.6050
47609.6050
47609.6050
47609.6050
47609.6050
47609.6050
47609.6050
47609.6050
47609.6050
47411.2230
47609.6050
47609.3481
47609.6050
47609.6050
47609.6050
47560.8706
47609.6050
47609.6050
47609.6050
47609.6050
47609.6050
47609.6050
47609.6050
47609.6050
47609.6050
47609.6050
47609.6050
47609.6050
47609.6050
47609.6050
47609.6050
47609.6050
47609.6050
47609.6050
47609.6050
47609.6050
47609.6050
47609.6050
47609.6050
47609.6050
47562.8016
47609.6050
47528.3606
47280.5744
47280.5744
47280.5744
47280.5744
47280.5744
47280.5744
47280.5744
47172.5591
47172.5591
47280.5744
47280.5744
47280.5744
47280.5744
47280.5744
47280.5744
47090.7654
47280.5744
47280.5744
47262.5978
47280.5744
47280.5744
47280.5744
47280.5744
47280.5744
47280.5744
47280.5744
47280.5744
47280.5744
47280.5744
47280.5744
47280.5744
47280.5744
47280.5744
47280.5744
47280.5744
47280.5744
47280.5744
47136.3680
47280.5744
47280.5744
47280.5744
47280.5744
47082.1924
47280.5744
47280.5744
47280.5744
47280.5744
47280.5744
47280.5744
47280.5744
47280.5744
47280.5744
47280.5744
47280.5744
47280.5744
47280.5744
47280.5744
47280.5744
47280.5744
47280.5744
47280.5744
47224.5286
47280.5744
47269.0107
47280.5744
47280.5744
47280.5744
47280.5744
47280.5744
47280.5744
47280.5744
47280.5744
47280.5744
47280.5744
47280.5744
47280.5744
47280.5744
47280.5744
47280.5744
47280.5744
47280.5744
47280.5744
47280.5744
47280.5744
47280.5744
47280.5744
47280.5744
47280.5744
47280.5744
47280.5744
47280.5744
47133.7478
47280.5744
47178.5750
47178.5750
47280.5744
47280.5744
47280.5744
47280.5744
47280.5744
47280.5744
47237.0178
47280.5744
47008.4311
47008.4311
47084.9244
47280.5744
47231.5748
47231.5748
47231.5748
47231.5748
47231.5748
47231.5748
47231.5748
47231.5748
47231.5748
47231.5748
47231.5748
47231.5748
47231.5748
47231.5748
47231.5748
47217.0779
47217.0779
47231.5748
47231.5748
47231.5748
47231.5748
47204.5252
46899.8052
47231.5748
47231.5748
47231.5748
47231.5748
47231.5748
47231.5748
47231.5748
47231.5748
47231.5748
47231.5748
47231.5748
47231.5748
47231.5748
47231.5748
47231.5748
47231.5748
47231.5748
47231.5748
47231.5748
47224.7419
47224.7419
47231.5748
47231.5748
47231.5748
47231.5748
47231.5748
47231.5748
47214.8255
47231.5748
47231.5748
47231.5748
47231.5748
47231.5748
47231.5748
47231.5748
47231.5748
47231.5748
47231.5748
47231.5748
47231.5748
47204.5252
47204.5252
46706.1833
47176.2137
47231.5748
gox
39412.5731
36809.3622
36974.1081
34828.9071
34828.9071
33767.1605
33960.9074
34131.7354
33982.1735
34155.8514
33934.0235
33097.0697
32669.1244
33230.7711
32851.9129
33258.2379
32365.6741
32365.6741
33218.9256
32742.9597
33299.0717
33163.0334
33163.0334
33077.3738
33324.7848
32722.8316
33308.6860
33095.6630
32529.3233
32529.3233
32529.3233
32529.3233
32529.3233
32641.6514
32822.4229
32987.3791
32987.3791
32747.3551
33190.7894
32577.3748
32577.3748
32511.0384
32511.0384
32577.3748
32577.3748
33256.9688
32713.8236
32698.3671
32636.9510
32130.3620
32485.6064
32646.5413
32687.4501
32138.0438
32659.5324
32356.3187
32969.4724
32969.4724
32911.6380
32598.9967
32598.9967
32598.9967
32543.4337
32949.4183
32935.7174
32461.0626
32461.0626
32599.6593
32278.9550
32178.0140
32278.9550
32130.1751
32157.6184
32157.6184
32157.6184
32381.2942
32191.0562
32191.0562
32319.6328
32300.1824
32339.1097
32570.9855
32276.4786
32075.8810
32075.8810
32502.3862
32413.7318
32413.7318
33029.4126
32960.5888
32737.3168
32737.3168
32436.7862
32229.8558
32508.6221
32508.6221
32743.0777
32573.1650
33128.6776
32582.5460
32532.4034
32532.4034
32532.4034
32335.4280
32335.4280
32462.6877
32462.6877
32462.6877
33028.3817
33203.7236
32604.4943
32478.1475
32478.1475
32386.9142
32527.2446
32759.8037
32365.1643
32365.1643
32365.1643
32510.8847
32861.6787
32887.7978
32887.7978
33227.8291
33121.6437
32603.6291
32625.7623
32669.4196
32564.3073
32669.4196
33228.8935
33228.8935
33260.4622
32854.4524
32854.4524
33101.6426
32921.0165
31876.9944
32663.6898
31816.5485
31959.2184
32636.8087
32636.8087
32465.6969
32533.4339
32655.3505
32636.7096
32824.9465
32668.2079
32584.3699
32678.9009
32678.9009
32678.9009
32576.1865
32355.8916
32246.3726
32246.3726
32246.3726
32678.9009
32855.0639
32568.5219
32350.1905
31813.4182
32193.8155
31686.7478
31686.7478
31686.7478
33110.0185
32741.0803
32488.5888
32550.1162
32237.9590
32237.9590
32237.9590
32947.9326
32513.7625
32267.7010
32267.7010
32217.2917
32267.7010
32601.7095
31966.9478
31966.9478
32601.7095
32601.7095
32738.0967
32385.7836
32385.7836
32385.7836
32445.4196
32445.4196
32580.9839
31614.6014
31614.6014
32241.2347
32039.1661
32039.1661
32039.1661
32385.4286
32391.3369
32236.3058
32089.7829
32089.7829
32132.1425
32132.1425
32132.1425
32299.9035
32176.9641
32176.9641
32176.9641
32176.9641
32398.3177
32398.3177
32426.1159
32354.0810
32411.7235
32722.6674
32604.5960
32533.2573
32694.9011
32778.9762
33159.6915
32876.2201
33035.7242
33184.6052
33237.6877
32665.1515
32665.1515
32665.1515
32539.2912
32665.1515
32815.5834
32110.1237
32110.1237
32815.5834
32604.6339
32604.6339
32604.6339
32850.4509
33174.2242
32562.2173
32562.2173
33056.6494
32948.2180
32738.4009
32576.4086
32738.4009
32725.7603
31929.8723
32485.7669
32485.7669
32671.4986
32353.1016
32353.1016
32978.3809
32334.9033
32403.6180
32403.6180
31875.7070
31875.7070
31875.7070
32437.1900
31802.9584
31802.9584
33037.1193
33037.1193
32580.0209
32431.5529
32431.5529
32840.2684
33059.6437
33059.6437
33065.4584
33126.8781
32844.4626
32844.4626
32844.4626
32888.5386
32888.5386
32719.5403
32719.5403
32790.3585
32488.0040
32837.4695
33187.6292
32859.8896
32642.7295
32859.8896
32837.3637
33075.2855
32936.0045
32853.2800
32853.2800
32481.8755
32481.8755
32728.5167
32683.2781
32265.4927
32265.4927
32849.9813
32596.8636
33165.8688
32604.9908
32724.9228
32926.2164
32538.4433
32538.4433
32538.4433
32734.8021
32482.4886
32405.7688
32756.2454
33143.9245
33072.7625
32339.4053
32339.4053
32339.4053
33076.5316
32775.0317
32775.0317
33106.4586
32785.8499
32629.9847
32629.9847
32629.9847
32602.1629
32602.1629
32811.5425
32880.0354
32258.9882
32533.8853
32473.5881
32226.7813
32248.9446
32248.9446
32248.9446
32248.9446
32708.8224
32697.8681
32444.0925
32444.0925
32444.0925
32984.0088
32420.1528
32420.1528
32420.1528
32573.3893
33051.7668
33067.0596
33067.0596
32935.1707
32880.0902
32900.5006
32900.5006
32898.9365
32898.9365
32929.6632
32783.1865
32818.8102
32792.2971
32792.2971
32785.5926
33091.9498
32985.5472
32985.5472
32298.3007
32298.3007
32896.5120
32896.5120
32896.5120
32896.5120
32896.5120
33015.8421
33093.3083
33122.7995
33122.7995
32795.9900
32395.7122
32080.6536
32212.5810
32634.2992
33170.9359
33050.3356
32495.1964
32495.1964
32140.5623
32019.4223
32019.4223
32560.9748
32560.9748
31761.1991
32560.9748
32791.3366
32623.9294
32623.9294
32623.9294
32531.3174
32376.5529
32376.5529
32158.8634
32158.8634
32174.5470
32863.5292
32863.5292
33009.7984
32410.0204
32410.0204
32257.7589
32257.7589
32257.7589
31939.7667
31939.7667
32666.8540
32666.8540
32666.8540
33381.9644
33066.6410
33068.3493
32514.0781
33165.8577
33165.8577
33038.2588
32324.2554
33038.2588
32581.6060
32581.6060
33283.6405
33278.5035
32727.3957
33016.3826
32492.1896
33013.4212
33013.4212
32826.2664
32826.2664
32456.4486
32456.4486
32456.4486
32678.2818
32678.2818
32678.2818
32703.1332
32334.7920
32650.8925
32920.2480
32154.2167
32154.2167
32154.2167
32154.2167
32154.2167
32951.4732
32739.3615
32769.3649
32445.9855
32445.9855
32418.7157
32418.7157
32418.7157
32418.7157
32416.0572
32416.0572
32418.7157
32470.8225
32470.8225
32663.9507
32663.9507
32848.5154
33016.9884
33042.2670
32403.9524
33071.9989
33025.0638
33025.0638
32787.2173
32696.4397
32428.8023
32414.3982
32414.3982
31983.0648
31983.0648
31923.1381
31923.1381
32035.2957
32035.2957
32035.2957
32035.2957
31910.8004
31910.8004
32079.0181
32467.7611
32017.5070
32017.5070
32338.1005
32520.6084
32520.6084
32679.8696
33230.1276
33230.1276
32738.4262
32738.4262
32738.4262
32894.1736
32998.8110
32812.7670
32998.8110
33195.2797
33195.2797
32156.5712
32156.5712
32156.5712
32960.0323
32507.0465
32428.9379
32507.0465
31976.1531
32803.8124
32888.4916
32889.4230
32678.4388
32454.6428
32582.1613
32240.0780
32240.0780
32076.9820
32076.9820
32076.9820
32540.3128
32540.3128
32503.8474
32339.0152
32339.0152
32339.0152
32729.6885
32808.0417
32340.3528
32340.3528
32882.7817
32159.8661
32159.8661
32859.0132
32759.9703
32759.9703
32633.6850
32633.6850
32828.7699
32363.1881
32363.1881
32363.1881
32250.9768
32463.5473
31814.7321
32660.0338
32675.8341
32565.0400
32779.2682
32265.8035
32265.8035
32265.8035
32693.8041
32693.8041
32693.8041
32878.6830
32493.3191
32751.9489
32595.4111
32595.4111
32337.5669
32541.4685
32541.4685
31629.9816
31629.9816
32577.4261
32386.8160
32792.1763
32381.4927
32851.4309
32851.4309
32911.0468
31562.5235
31760.9304
31760.9304
32237.4820
32591.2997
32591.2997
32721.1734
32721.1734
32721.1734
32817.0619
32467.9905
32839.8956
32839.8956
32669.8741
32373.1691
32300.4347
32300.4347
32417.7595
32691.0015
32501.3078
32501.3078
32501.3078
32501.3078
32887.4349
33102.0167
32973.4812
32935.3978
32853.4349
32525.5527
32853.4349
32658.5677
32658.5677
32169.6785
32334.8446
32334.8446
32758.5448
32408.4574
32604.1614
32784.8507
33015.6605
32801.8739
32801.8739
32801.8739
33179.7359
33179.7359
33390.5220
32954.7271
33051.7065
33209.6078
32494.5327
32494.5327
32494.5327
31681.5723
31681.5723
31787.2356
31787.2356
32896.2988
32334.0392
32419.6296
32419.6296
32489.1151
32489.1151
33187.1063
32519.8989
32519.8989
32737.5937
32792.5492
32792.5492
33053.5355
33264.3599
33246.0596
32934.5579
32924.5494
32834.1188
32361.4832
32361.4832
32379.6873
32379.6873
32646.4418
32498.5692
32370.0655
32370.0655
32632.0323
32403.6301
32542.5216
32832.3819
33172.2055
32460.9928
32166.9081
32166.9081
32488.5673
32488.5673
32482.4581
32482.4581
32451.7492
32451.7492
32870.1470
32405.0609
32405.0609
32126.8318
32395.1447
32395.1447
32395.1447
31924.8689
31924.8689
31924.8689
32758.4937
32444.0039
32479.5370
32194.8309
32194.8309
32194.8309
32194.8309
32479.5370
32663.6688
32663.6688
32516.5043
32430.6788
32397.6044
32397.6044
32645.3986
32645.3986
32465.1812
32465.1812
32074.0465
32074.0465
32686.4630
32401.6187
32686.4630
33180.5477
32614.8133
33086.4741
33086.4741
32841.2515
33141.0691
32795.5784
32823.7056
32891.4265
32678.6933
32494.3408
32494.3408
32494.3408
33008.6851
33168.2825
33018.7846
32800.8284
32625.8272
31962.4091
31962.4091
32731.9900
32599.0893
32212.7199
32212.7199
32557.4615
32471.8711
32471.8711
32444.2852
32444.2852
32444.2852
32444.2852
32444.2852
32431.4301
32431.4301
32431.4301
32431.4301
32449.6659
32449.6659
32536.9749
32536.9749
32422.0877
32422.0877
32349.6455
32422.0877
32422.0877
32544.4137
32544.4137
32532.5705
32532.5705
32532.5705
32644.9897
32644.9897
32644.9897
32644.9897
33093.6725
32939.1702
32939.1702
31883.4745
32843.5052
32843.5052
32843.5052
32697.3182
32697.3182
32433.3272
32017.0673
32017.0673
32017.0673
32712.9960
32712.9960
32942.6463
33052.7347
32845.6702
32703.3563
32703.3563
32764.7497
31758.3494
32123.1197
31729.4259
31729.4259
32055.7650
32055.7650
32813.0911
32964.5324
31382.2204
31382.2204
32709.1409
32678.2334
32630.6006
32630.6006
32624.9488
31674.5892
32665.0594
32665.0594
32575.5536
32575.5536
32616.4892
32616.4892
32960.1428
32901.5721
32941.6949
32977.9824
32977.9824
33079.0508
32998.9823
32998.9823
32652.6211
32624.8958
32624.8958
32234.0898
32059.4241
32234.0898
32234.0898
32395.0430
33027.7546
33027.7546
32988.8615
32959.4166
32653.4712
32653.4712
32653.4712
32653.4712
32653.4712
32280.9215
32280.9215
32280.9215
32295.8166
32295.8166
32759.7146
32759.7146
33047.0952
32196.3254
32753.1986
32114.0687
32541.6311
32198.3280
32602.6969
32859.3201
32729.8935
32428.3355
32827.0879
32827.0879
32747.9505
32747.9505
32747.9505
32444.0504
32444.0504
32169.8181
32169.8181
32169.8181
32433.1417
32433.1417
32433.1417
32280.8427
32280.8427
32280.8427
32280.8427
32556.2555
32556.2555
32781.7413
32485.0307
32145.5531
32052.5051
32052.5051
32627.4348
32885.6277
31614.7697
32683.3197
32563.2748
32116.3716
32116.3716
32483.0504
32744.6584
32356.2791
32766.5822
33188.7529
33067.5278
31867.1885
31867.1885
31867.1885
31867.1885
32779.1066
32779.1066
32848.2127
32848.2127
32630.6718
32494.0482
32848.2127
33191.4867
32635.5346
32481.3978
32481.3978
32481.3978
32622.8956
32890.9293
32890.9293
32890.9293
32890.9293
32908.3006
32992.6582
33235.9283
33208.1187
33235.9283
32898.7711
33235.9283
33059.9121
33059.9121
33294.6401
32800.5932
32964.0829
32961.6215
32961.6215
32964.0829
32624.4004
32761.2395
32761.2395
32484.7842
32262.7949
32960.9153
32789.8488
32601.9934
32579.1734
32407.7147
32407.7147
32492.3458
32471.1110
32530.1814
32530.1814
32232.3450
32232.3450
32232.3450
32232.3450
32390.9277
32434.8107
32434.8107
32390.0424
32932.5737
32932.5737
32423.0370
32423.0370
32831.5510
32629.1833
32303.4955
32303.4955
32278.3116
32881.3791
32881.3791
32716.7771
32472.6788
32846.0277
32097.9797
32097.9797
32097.9797
32391.1461
32289.3247
32289.3247
32413.3561
32413.3561
32413.3561
32434.5743
32469.2386
32446.3975
32446.3975
32343.7055
32343.7055
32343.7055
32942.2830
32936.7410
32936.7410
32936.7410
33071.6931
32755.7157
32755.7157
32453.8254
32453.8254
32992.7236
32310.7225
32386.3884
32075.0797
32921.0451
32921.0451
32477.1602
32184.7321
32100.6822
32378.0629
31839.1950
31839.1950
31839.1950
32623.0698
32623.0698
31599.3358
32109.6461
32420.3869
32432.0846
