gox
770854.680
668215.430
616273.208
580097.941
566033.663
549308.120
540518.215
531727.935
527861.795
520977.251
519309.888
517131.129
510014.690
509671.386
503641.384
498022.401
489740.528
489740.528
488774.047
488774.047
491355.531
485921.072
480304.919
486041.179
482797.263
473440.981
473440.981
476860.644
476848.987
475914.606
472868.461
469852.700
464533.706
465854.024
464833.665
467871.888
461077.154
461077.154
461077.154
459242.511
453106.725
453106.725
453106.725
452933.272
453847.204
452660.448
450579.727
444886.031
443577.587
443141.496
443577.587
442144.014
437354.147
439422.609
438993.281
436308.786
435925.087
434111.152
428058.848
432857.035
432857.035
429582.210
429582.210
431179.417
428437.924
429804.865
429424.776
428784.296
427809.490
427727.181
427809.490
427259.376
427809.490
424577.646
423767.573
421117.038
421117.038
420903.069
421397.965
417931.310
417931.310
420350.036
419221.795
419221.795
419221.795
420885.788
420433.355
418563.873
423074.949
421425.086
421425.086
421425.086
416725.877
416725.877
419722.270
416788.881
416788.881
419245.563
417640.135
414153.633
414153.633
411271.428
410600.541
405870.923
405246.064
400964.161
400964.161
400964.161
403490.980
403046.394
403046.394
400101.138
400101.138
400056.365
400056.365
401107.260
397642.943
397642.943
397642.943
397642.943
397521.781
393983.501
393983.501
398373.981
398373.981
397938.840
397642.497
398876.381
398876.381
400506.627
396737.816
396577.538
396577.538
399230.200
396787.606
396787.606
395377.332
395377.332
395377.332
396771.187
397466.060
397466.060
397466.060
398051.891
399623.833
400500.155
400749.965
399572.819
398933.318
399045.226
397381.777
397381.777
400012.623
399155.966
399082.496
396557.787
396330.679
394493.848
396807.583
396807.583
399471.022
397564.782
397413.902
399008.877
399667.012
399088.169
397013.806
399088.169
394710.923
392405.745
397327.682
396451.040
396451.040
391409.153
394095.373
394095.373
392380.521
392380.521
392271.543
392380.521
392778.646
392475.617
391673.413
387943.428
387943.428
385970.611
389615.233
389579.913
389579.913
386895.140
386895.140
385503.591
385503.591
386920.114
387451.713
385193.918
385193.918
385500.888
385832.690
385903.946
387501.460
385464.341
385036.369
385036.369
384409.780
382132.555
383958.706
383958.706
383958.706
383029.950
383029.950
383214.598
385063.046
383355.475
383355.475
382590.752
382892.450
383590.914
384672.475
377856.764
377856.764
385075.740
382222.636
386596.890
384157.413
385496.964
382277.884
382277.884
382277.884
381675.571
382277.884
380021.339
380021.339
380021.339
380897.455
382805.281
380231.048
380231.048
380185.479
379747.099
375386.910
375386.910
378150.929
378150.929
378150.929
378516.186
378762.902
379001.327
376326.034
376391.417
374943.125
373895.252
373895.252
373895.252
373742.785
373350.544
373742.785
373742.785
373449.204
373449.204
373449.204
371851.087
371469.734
371469.734
371324.177
371324.177
371324.177
363873.072
363873.072
371836.292
374139.170
369424.126
372204.813
370322.263
370035.660
370035.660
370035.660
369665.979
369665.979
367360.339
367360.339
368938.746
368938.746
369335.466
372402.218
370439.282
366118.844
369146.450
369146.450
369025.682
368455.040
368455.040
368455.040
369229.977
368455.782
365103.474
368561.711
367969.913
367969.913
368477.790
366291.812
370439.179
370439.179
368920.881
370660.874
370660.874
370402.135
368995.982
369535.589
370402.135
370789.293
373134.257
373958.693
372813.382
372775.851
372775.851
372775.851
373111.545
373218.064
371611.202
373302.681
374996.340
376193.700
376193.700
375511.647
373135.738
370575.452
376221.824
373938.104
374586.752
372586.734
370178.792
370178.792
372586.734
373900.495
372944.258
372944.258
375500.186
374721.520
373603.485
373442.279
373442.279
373897.147
373897.147
373897.147
374535.018
374381.174
374381.174
373206.538
377417.728
374358.671
371444.792
371444.792
371444.792
373911.147
373911.147
372027.118
372027.118
375161.643
376005.298
369905.100
373562.551
373405.336
373405.336
372175.496
373268.169
373268.169
371926.879
370953.290
367945.734
367945.734
370525.671
371160.725
366015.432
366224.172
366754.597
365569.083
365569.083
360016.161
360016.161
363207.440
365569.083
366654.860
364302.933
364302.933
364324.419
363261.140
361759.159
360574.841
360574.841
360574.841
362225.073
358896.265
359914.718
359914.718
359914.718
361994.529
359676.731
359676.731
362114.105
362114.105
360661.267
362332.143
362332.143
364004.859
364004.859
363701.557
365796.323
365604.514
360737.189
363723.514
363723.514
363467.322
362077.663
362077.663
364542.029
364542.029
364721.317
363978.280
363978.280
363978.280
363978.280
363978.280
362738.644
362738.644
361715.287
367865.354
367865.354
369068.372
367757.434
369370.792
367569.650
367569.650
367569.650
367569.650
366739.620
365945.508
365945.508
364133.438
364133.438
364133.438
365979.765
367775.419
369665.470
370261.993
367829.355
367829.355
367829.355
367829.355
367829.355
368498.054
368498.054
370492.247
369851.144
369851.144
371752.418
370983.538
370983.538
370415.639
370415.639
370415.639
369914.248
367947.674
367947.674
369914.248
369914.248
369945.391
371850.664
372428.161
370082.944
372194.984
372194.984
371956.904
371741.975
367807.199
368661.685
368182.502
368182.502
370556.004
369123.156
369123.156
369123.156
369187.581
369187.581
368953.242
368953.242
367636.612
371657.097
370874.491
370874.491
372058.677
370636.245
370636.245
372058.677
369555.192
369555.192
373829.580
373900.165
367013.973
363635.018
367261.939
365174.043
369033.352
368201.191
368201.191
369203.422
369203.422
367584.816
367635.826
367635.826
368951.575
368594.341
367052.483
364785.686
364785.686
365164.821
364571.932
364571.932
363815.979
364571.932
362116.706
363706.684
363706.684
363706.684
363706.684
363706.684
363720.471
368450.894
367443.687
367443.687
368220.832
368899.067
366501.554
365646.265
364437.957
368216.444
369487.576
368844.208
368176.262
369265.319
368925.311
363733.263
367601.111
365730.878
365730.878
365730.878
368835.313
368139.641
368139.641
365951.746
365951.746
366578.626
367742.971
368293.151
365319.586
363541.199
364036.293
357372.342
357372.342
357372.342
357372.342
357372.342
361995.349
366426.927
363962.533
363962.533
363962.533
363962.533
362889.988
362889.988
362552.852
362552.852
362552.852
363658.402
359714.068
364071.141
363335.387
362987.650
362903.293
362965.827
362205.644
360450.586
361387.569
358135.193
358135.193
358135.193
358135.193
362269.197
360831.769
361425.854
363572.108
362980.584
360916.403
361524.753
361370.999
360748.616
360748.616
360314.755
360314.755
361789.194
361789.194
360263.954
361729.127
363688.881
363706.438
363706.438
363908.664
363071.666
364008.659
364233.340
364048.243
362401.529
362401.529
361413.523
361413.523
360510.552
361106.858
361379.280
361355.052
361223.030
361223.030
361554.972
358972.632
356077.962
358073.400
358073.400
357856.528
357856.528
359470.661
360076.895
358998.569
358738.561
355516.509
355516.509
355516.509
355516.509
357179.530
357179.530
359247.301
355768.651
356791.330
359147.118
356634.543
358212.016
359895.845
358605.893
355503.208
355503.208
359219.774
359219.774
359897.977
356922.271
358715.644
359270.959
358089.110
356201.578
356713.128
356723.654
356723.654
356723.654
356723.654
357446.111
356583.373
358482.127
358482.127
358482.127
361345.927
360069.162
360069.162
360069.162
360069.162
362284.088
363202.748
363689.366
363680.895
361817.918
363680.895
364745.389
365762.663
365762.663
364722.695
362836.039
364722.695
364907.911
364383.120
364213.579
361748.065
361748.065
361466.405
358289.642
359333.456
360202.999
360447.922
357434.143
358881.581
358719.410
357870.448
352589.867
352589.867
356560.401
356252.220
355659.532
353865.701
353865.701
353838.018
353838.018
353349.654
353349.654
354402.846
354080.496
354171.377
353072.931
350421.392
347480.085
350421.392
350421.392
351188.996
351941.153
350124.960
350086.120
346775.965
351138.389
350949.087
350949.087
349882.644
349882.644
349882.644
351170.353
352306.751
352021.419
348539.162
352021.419
352021.419
350810.207
350810.207
352821.074
350063.263
350063.263
350074.996
353744.117
351511.418
351511.418
350581.422
351014.280
349251.647
347186.239
346175.182
346175.182
348477.614
348477.614
348549.057
347748.172
347748.172
348875.210
347413.505
347436.388
347436.388
347794.859
346625.486
344723.140
344723.140
347480.971
347480.971
348314.345
348441.155
344833.086
344833.086
348170.543
348033.864
347770.679
347770.679
347545.039
344667.664
344667.664
348139.202
348753.534
348778.634
346250.869
346250.869
346250.869
348749.561
348749.561
351961.705
351961.705
350415.187
350415.187
350916.697
350916.697
351843.523
347208.188
347208.188
347208.188
351969.575
353312.084
354276.923
358140.920
357488.991
356543.367
357196.207
357196.207
355836.438
355836.438
354783.556
354783.556
354783.556
354783.556
360808.960
359172.481
357058.865
357654.444
357728.533
356605.449
357728.533
357615.521
354767.750
354767.750
357027.399
356639.335
356497.275
356447.418
356212.259
352668.375
354351.081
354351.081
355277.515
356324.991
355482.108
354184.259
354184.259
354184.259
355425.475
355425.475
355425.475
354839.474
354751.137
354619.079
355525.648
355525.648
355525.648
355193.995
354146.416
356821.278
354954.002
357442.676
356030.136
355369.245
355369.245
357991.017
356712.355
356712.355
356712.355
358903.588
361161.522
362186.270
361094.696
361094.696
358958.336
359970.851
357532.659
356718.862
356718.862
359626.045
359886.454
359291.696
359291.696
359226.497
359226.497
361120.785
361120.785
361120.785
358707.044
362387.255
359678.470
359678.470
361439.960
360254.763
362767.249
362891.434
357788.884
357788.884
359178.112
361681.192
361681.192
361540.819
357938.397
356240.660
358605.901
360899.405
358247.454
356984.924
354821.721
356910.894
354768.856
354370.508
355330.891
354852.720
352632.505
352632.505
351974.536
354214.739
354214.739
352977.372
352977.372
352035.307
352035.307
352656.935
352789.474
351265.700
351265.700
351265.700
350793.049
351620.037
351620.037
349452.764
346751.479
346751.479
350341.715
350186.957
350642.229
348508.468
350642.229
349667.573
351111.067
351074.915
350622.109
352400.828
350901.068
352261.032
353343.076
353343.076
353343.076
353514.640
352908.883
352614.633
351965.815
350937.118
353084.818
350519.144
353010.138
353554.815
353899.732
353899.732
351058.118
351833.962
351833.962
355816.358
357441.376
356410.252
356524.857
356157.089
356157.089
358590.267
356439.865
354816.513
357578.516
359319.352
359894.742
359947.711
358169.219
356314.618
356314.618
356314.618
354643.369
354643.369
356586.315
356586.315
356586.315
357159.250
359744.162
360256.118
359354.761
359354.761
358319.691
361203.086
358555.423
358555.423
359249.005
358548.082
358853.852
358853.852
361623.588
361311.602
360573.814
360573.814
358876.321
359700.788
359700.788
359700.788
359700.788
358544.285
359628.738
360005.651
358656.314
358656.314
360362.152
361038.471
357406.365
357406.365
357406.365
357386.991
greedy
1349839.45
1099249.51
895138.006
727069.736
631285.396
576115.759
553141.015
529313.043
513246.517
499911.659
499150.173
477541.930
478257.637
465703.708
455229.885
456956.617
456769.013
447044.784
441501.342
437857.209
432440.878
427247.744
427247.744
422151.424
421282.540
409963.777
413277.954
405811.010
405811.010
405811.010
408600.301
399229.458
402268.183
397820.585
398178.266
395251.846
397464.542
389545.718
393556.347
393556.347
392459.060
385453.603
383891.365
383939.049
377160.690
377160.690
374942.886
375856.570
370671.152
369057.815
370671.152
370671.152
362820.887
356989.995
359487.577
356479.407
350266.866
359135.030
355318.394
357147.360
357147.360
357147.360
354376.949
351785.326
351971.344
350967.771
349134.649
353852.001
351042.157
350801.241
351042.157
350425.634
351161.446
353330.168
353560.212
351548.579
350691.141
347170.951
348346.991
338977.404
338977.404
346220.267
340397.420
337375.279
337375.279
339748.217
336990.646
332877.976
328315.324
328315.324
322392.062
322392.062
331925.115
328230.031
325468.333
322619.895
322619.895
326029.777
326198.986
326198.986
323458.432
320648.830
320648.830
323455.337
323134.553
324693.814
319772.193
316188.066
318276.651
314643.414
316006.344
316006.344
317950.997
314194.757
314194.757
311324.542
314217.022
314217.022
312033.961
312033.961
313928.394
312235.088
312235.088
315329.049
310949.428
309236.625
308358.403
312567.638
312567.638
315430.565
315788.884
312765.444
311196.987
316918.798
314439.014
312582.155
307098.371
307098.371
307098.371
312165.952
317764.860
315639.302
313691.572
313667.618
310906.777
306868.467
307842.922
312478.763
302205.058
307384.078
304976.079
308041.715
309051.857
306408.334
306408.334
303906.754
303906.754
303906.754
302708.985
302795.879
297669.524
299892.090
298585.113
297799.182
300175.922
299662.168
296591.276
295694.312
295694.312
295583.741
297961.654
296557.944
295303.585
290736.482
296557.944
296535.446
296535.446
294351.900
294351.900
292745.607
293282.299
293282.299
293482.046
285677.281
285677.281
291008.429
290507.664
290507.664
290507.664
293025.614
290745.360
288426.994
288426.994
291302.165
288261.602
287953.483
287953.483
286498.218
288647.362
287598.765
283106.344
286047.001
284923.318
285383.907
285383.907
282860.561
285383.907
285383.907
285383.907
285383.907
285383.907
284477.045
285561.688
283509.502
283509.502
284225.453
284525.671
283402.856
279540.815
282916.890
283922.971
284789.516
281242.281
286193.065
283527.293
282612.997
284557.457
283149.786
282576.549
282576.549
279309.046
278243.443
278243.443
275824.958
276990.918
277786.738
273041.426
273041.426
275885.494
275820.570
275820.570
276198.257
273501.634
273501.634
273501.634
274328.239
274509.442
273687.709
273352.272
273125.609
273125.609
276763.899
275162.525
275162.525
274878.330
274878.330
266647.022
266647.022
274511.772
274258.615
273528.939
271729.126
271163.454
270696.986
273290.860
270350.658
270350.658
268511.814
268511.814
269887.138
273407.559
271121.987
273201.707
275292.957
274805.140
274805.140
274805.140
278557.997
277019.486
271810.337
274786.819
272830.763
272830.763
279730.307
281221.513
281221.513
281221.513
281027.347
281192.733
279946.192
282268.602
281662.139
279709.202
273606.973
273606.973
277645.952
278408.972
278643.743
278482.466
271860.330
270412.825
273167.709
273167.709
274514.171
276872.397
272722.081
272722.081
271405.122
272460.215
273830.394
273394.727
276737.157
270665.270
271241.667
271241.667
271241.667
271241.667
275733.420
264997.017
264997.017
272362.853
270798.276
270408.051
267833.476
267833.476
271865.178
270984.844
272563.392
272066.912
270297.533
271107.604
270277.758
270277.758
270429.333
270032.863
270032.863
270032.863
268542.761
265430.954
265184.175
265184.175
268366.472
269945.743
270897.714
270357.312
270897.714
271873.548
271699.009
270130.442
269681.042
269681.042
269693.786
269693.786
269693.786
268229.823
267000.020
267364.661
267364.661
268615.839
269099.549
269099.549
265986.560
270214.073
267270.657
268822.624
263067.277
263067.277
264815.176
264134.706
264134.706
264134.706
265172.610
267651.545
267651.545
268267.626
267416.978
267416.978
264397.579
261592.220
262187.663
262977.472
266572.814
264823.923
265483.314
265951.287
265164.103
266181.470
266125.733
267033.931
266988.207
266988.207
265746.547
265209.222
267134.072
265828.053
263374.560
265462.205
263717.162
263322.392
265021.027
263455.509
262133.940
263811.598
258203.080
260415.747
259588.277
259588.277
261460.010
261364.747
261320.254
261212.548
259501.982
262708.017
262708.017
262215.970
258128.107
258128.107
260677.379
261368.078
259063.066
257435.875
257435.875
257435.875
259141.974
257051.913
258602.854
257939.362
257939.362
257391.858
257593.993
258252.080
259646.968
259646.968
255930.477
259578.488
258375.210
259216.127
258388.710
259216.127
259216.127
259216.127
259578.488
260611.423
258687.394
260668.554
260820.098
260820.098
260820.098
259189.291
259557.057
256999.977
256999.977
257555.853
260022.137
259462.514
259529.160
257583.949
258940.492
258334.820
258940.492
258940.492
256999.489
255161.865
257179.356
258604.368
257317.342
250494.684
257987.380
253870.974
252457.293
253778.165
255700.125
256526.795
254902.570
254902.570
255730.596
255069.226
256363.806
256967.814
255378.420
255378.420
255378.420
255406.023
251886.804
251886.804
251886.804
253742.040
252908.062
253500.865
253500.865
253989.269
253989.269
249259.250
254963.539
254809.292
253393.945
253008.480
256991.502
254995.228
255134.805
252441.547
253559.514
253036.606
251906.541
250056.774
248313.987
249158.099
248898.196
249291.808
249291.808
248974.165
248025.396
248025.396
248025.396
248025.396
248205.873
248205.873
248205.873
246502.928
248205.873
248205.873
245417.008
245417.008
245417.008
245417.008
245417.008
249512.921
251396.408
249950.556
250905.438
252235.111
251726.944
252435.345
251567.760
250921.846
249973.075
249134.024
251296.057
250802.627
248693.456
250821.164
251084.057
253519.219
249628.770
249628.770
249708.266
249787.407
249787.407
249213.716
249213.716
248965.937
252014.828
252808.559
252075.333
248729.887
248729.887
251978.892
254169.366
251530.691
252730.525
251928.040
250055.247
251928.040
250853.966
250853.966
250853.966
250853.966
250853.966
250853.966
250853.966
251871.097
251871.097
252424.447
249957.323
250399.321
251080.343
251080.343
251815.239
250713.890
251480.307
250422.757
250096.504
250542.631
248578.270
247073.442
247073.442
247073.442
248832.549
248832.549
251249.916
251170.884
250871.936
246653.096
249829.098
248675.964
248905.291
248905.291
248021.332
248021.332
248025.103
248025.103
247428.231
247770.426
247953.312
248214.140
248214.140
245760.932
247265.697
247467.246
247499.034
248494.559
248004.915
248004.915
248508.496
248508.496
245610.019
247428.536
245896.712
245896.712
250190.668
249432.163
248631.490
248631.490
247337.740
248331.399
248525.344
248525.344
247767.042
248525.344
245728.841
247700.463
247700.463
247700.463
246631.912
246631.912
246631.912
248963.738
248288.164
246703.452
244023.896
248903.221
247948.948
246724.652
245004.337
247351.992
247325.346
248460.571
247806.355
245697.747
247209.903
247400.211
245581.179
247168.617
246577.555
246814.992
246814.992
249608.423
246675.143
246675.143
246675.143
246675.143
247784.347
247108.145
245483.627
245427.641
245427.641
245273.153
245273.153
245273.153
245273.153
245273.153
245931.368
247492.174
246984.862
244891.373
244891.373
245456.103
246517.962
246939.901
246939.901
245229.775
244515.449
246939.901
247416.555
249068.807
244106.543
244106.543
244106.543
246673.875
244864.024
245968.381
243310.091
243378.862
245733.478
246436.430
243562.979
244046.867
246921.398
244790.466
243383.695
241875.968
241875.968
241875.968
241875.968
241875.968
241875.968
243162.541
242523.442
240747.114
240747.114
241534.809
241475.010
241534.809
241534.809
242633.558
242633.558
242728.211
241256.072
241541.824
243560.497
242725.400
244381.054
245678.890
245678.890
242664.654
242664.654
242664.654
245971.321
246268.882
246308.632
245810.411
244094.836
244094.836
244094.836
245755.437
245565.831
244030.171
242720.478
244061.177
246853.452
245134.002
244824.885
245134.002
247760.067
247191.282
244933.839
244502.509
244502.509
245605.625
244592.247
245371.947
244676.401
243026.287
246103.621
244657.145
244157.744
246083.570
245427.366
245079.419
242027.658
245464.851
246106.684
246106.684
247095.216
247821.523
246620.758
245732.313
247753.013
244598.289
244598.289
244597.960
244598.289
244154.999
244154.999
244641.984
244923.421
242314.239
245794.542
245794.542
245720.106
245611.637
244229.368
244363.415
242000.872
242000.872
242000.872
246603.340
246603.340
244894.174
244188.014
244188.014
243667.404
244557.819
243400.859
245232.345
244971.935
244891.224
244031.022
243689.295
243472.324
244881.750
244891.467
243992.994
243092.012
243092.012
243092.012
243269.553
242531.842
243228.993
244705.065
243287.904
243788.731
243001.420
244424.986
244424.986
243143.698
245563.664
242539.591
243742.795
243742.795
246161.342
244789.400
244553.476
245668.731
245470.402
245498.679
245773.735
244377.835
244377.835
243004.990
242429.654
242429.654
242429.654
240041.847
240744.223
240744.223
242515.269
242515.269
242515.269
241515.636
242094.267
241287.916
241926.049
243054.307
243165.747
242106.383
241685.977
242029.839
241960.950
241146.903
241146.903
241420.250
241642.456
241566.316
242284.914
242284.914
239318.067
241834.856
242445.804
238552.148
238552.148
238784.257
240976.920
241356.703
241356.703
243174.614
242493.192
241325.665
240318.894
240318.894
240318.894
240871.003
239894.280
238051.934
239894.280
239708.500
239177.269
240362.733
238596.348
238596.348
239578.181
236709.228
237688.882
239828.257
239080.099
241342.172
240901.351
240476.272
238146.545
240404.790
239135.990
236596.443
237981.035
238137.729
238687.258
238687.258
238444.197
238608.176
238983.083
237327.542
237327.542
237327.542
237327.542
239920.517
237778.580
239170.514
238789.984
239662.421
241054.177
239226.934
237564.396
237908.481
239012.198
239123.555
239123.555
239123.555
239835.867
237885.995
240473.520
240473.520
240237.935
240519.030
239460.312
239460.312
237545.874
240793.596
239252.851
240921.352
242437.415
240295.016
238441.786
238193.666
239650.586
240566.633
240143.035
239771.375
237731.840
237713.667
238191.660
239833.395
238122.249
237994.763
238122.249
236991.039
236991.039
237178.943
239587.517
238532.714
238192.842
238160.676
237370.490
237115.898
238616.819
238366.523
238499.221
237329.494
236681.179
237151.795
237529.213
237025.667
236916.005
236105.327
237120.023
236934.158
237756.183
237756.183
237124.702
235965.790
236206.771
236492.797
236492.797
236492.797
236492.797
237191.355
235397.872
234872.589
236483.049
236526.046
236091.371
236552.507
237285.991
237427.488
235423.192
237427.488
237488.024
235349.461
235349.461
235349.461
235349.461
235349.461
237535.113
236993.466
237995.346
237774.590
238447.108
238264.201
238038.649
238278.402
237799.062
237112.832
order
1582123.02
1583624.33
1582012.61
1584211.05
1579121.10
1581190.68
1572408.95
1575801.43
1575770.15
1576521.01
1569605.84
1569605.84
1560809.58
1561983.85
1555637.30
1554314.05
1552260.86
1556826.19
1553430.07
1555750.21
1553401.26
1560411.05
1559085.75
1553222.17
1549845.09
1545310.20
1551061.62
1551435.05
1549344.76
1545162.71
1549344.76
1545129.60
1545129.60
1544963.17
1542793.93
1542877.82
1537933.76
1534920.24
1534920.24
1530212.37
1530212.37
1521001.49
1528420.17
1530156.04
1527678.97
1523055.09
1523055.09
1529241.97
1526865.79
1526686.71
1524995.11
1521329.92
1516393.56
1517112.92
1516925.24
1515254.74
1515621.00
1513013.67
1514281.96
1509333.76
1513591.02
1508210.69
1507123.11
1509190.24
1508406.64
1504690.83
1504560.10
1505803.26
1505101.65
1505803.26
1501298.53
1503535.11
1499177.36
1501269.84
1498879.23
1498879.23
1498765.76
1496931.32
1496931.32
1496931.32
1495050.89
1497447.43
1488512.04
1492238.96
1489913.72
1490126.18
1489337.56
1486822.59
1486822.59
1486822.59
1486677.75
1480835.96
1480835.96
1489886.89
1484287.28
1484287.28
1483333.45
1480692.17
1481474.19
1479946.98
1475008.62
1473168.20
1475008.62
1475008.62
1471661.28
1474064.04
1475556.10
1473384.04
1474985.23
1469009.39
1469097.07
1470321.90
1470062.49
1470321.90
1470321.90
1470321.90
1468823.09
1470321.90
1466974.38
1466974.38
1466974.38
1466974.38
1469668.71
1465356.27
1465881.40
1465881.40
1462005.68
1460698.52
1458457.47
1458457.47
1466031.97
1462719.82
1461605.87
1464823.93
1459432.35
1459432.35
1459432.35
1459432.35
1460277.94
1459100.37
1456400.12
1456400.12
1459519.40
1455663.01
1455663.01
1460507.68
1460503.94
1460825.86
1459258.27
1459258.27
1452590.39
1452590.39
1455652.05
1451662.52
1451424.07
1451424.07
1451424.07
1452610.93
1450112.44
1448542.97
1448542.97
1447912.99
1453131.91
1445720.71
1450480.82
1452811.40
1448471.12
1444215.73
1444215.73
1445870.83
1445870.83
1445870.83
1447052.52
1447052.52
1443917.02
1439231.25
1438953.79
1438953.79
1443650.92
1441170.35
1435821.76
1439901.61
1432946.54
1430171.40
1434142.04
1434142.04
1436958.29
1433999.34
1436425.83
1430641.71
1434056.07
1432369.49
1430663.26
1430663.26
1429811.07
1427280.17
1427097.15
1420375.62
1420375.62
1422580.56
1424518.57
1416758.64
1420196.40
1425087.50
1420635.99
1417995.71
1421982.03
1421982.03
1418012.76
1418012.76
1421725.64
1418922.69
1416981.41
1414857.85
1410468.59
1408986.36
1410468.59
1416417.40
1413492.43
1413492.43
1413492.43
1412544.06
1415944.35
1414706.61
1414706.61
1412196.37
1408926.50
1412145.13
1409952.40
1408064.59
1409972.27
1412891.65
1407355.49
1407355.49
1410624.53
1411768.51
1408999.93
1408999.93
1408999.93
1410658.48
1409981.80
1407193.27
1407443.34
1404411.96
1405577.80
1405689.09
1406751.80
1406166.76
1406908.61
1406217.87
1406662.93
1405532.20
1403439.72
1403439.72
1400458.99
1402779.38
1407252.44
1406681.15
1401395.01
1401079.27
1401079.27
1407617.12
1408419.87
1408963.67
1401761.62
1403517.60
1403517.60
1403799.19
1402704.54
1401803.61
1402453.02
1399118.09
1399680.51
1399680.51
1399680.51
1399680.51
1400965.98
1397735.64
1393417.05
1399798.09
1398526.23
1398944.63
1396658.54
1398874.87
1398282.82
1401706.81
1395899.19
1397525.59
1393818.91
1398358.82
1396304.64
1396304.64
1393448.65
1396428.80
1396764.10
1394116.45
1393844.55
1391740.41
1391740.41
1391055.72
1391382.98
1392608.94
1392353.26
1390822.92
1392664.95
1390841.46
1390556.51
1390556.51
1390556.51
1385212.25
1385212.25
1388174.70
1383998.69
1387664.52
1380207.88
1387072.45
1387072.45
1388796.77
1383955.08
1383761.59
1381834.88
1386463.91
1386094.75
1384702.14
1384702.14
1381414.89
1376724.23
1376724.23
1378764.45
1380475.33
1379949.72
1379786.58
1375740.79
1377842.97
1378793.54
1378403.68
1378793.54
1380502.27
1374788.80
1374788.80
1374788.80
1374788.80
1376272.76
1374811.80
1375417.67
1375417.67
1375379.24
1374502.67
1376411.42
1371577.40
1375229.90
1371765.03
1371801.71
1371801.71
1371425.81
1371744.28
1371011.21
1368988.60
1370072.39
1373908.81
1369606.64
1368628.32
1363183.44
1365296.14
1369136.96
1370222.91
1367750.31
1367750.31
1367966.00
1368435.09
1364215.96
1364215.96
1362660.73
1362660.73
1365525.09
1365638.99
1365638.99
1362246.00
1366378.59
1366378.59
1366378.59
1364712.90
1364712.90
1363466.21
1360915.21
1364175.76
1364175.76
1363555.35
1364455.01
1363569.63
1361590.92
1364518.33
1363494.37
1363494.37
1364090.18
1363418.01
1362081.76
1363966.12
1363403.06
1363403.06
1361952.32
1362706.63
1362706.63
1362706.63
1361355.76
1361355.76
1359480.41
1362140.69
1355519.59
1358126.06
1355722.05
1355722.05
1357300.96
1361068.30
1361910.88
1362874.72
1356710.31
1356634.63
1350205.73
1356750.10
1357747.03
1357581.26
1354281.63
1354281.63
1354281.63
1352083.87
1357436.29
1360677.68
1358164.61
1359105.44
1351061.53
1351665.03
1349818.90
1349818.90
1354017.76
1350145.75
1350145.75
1350145.75
1355284.05
1354042.14
1355504.15
1354855.00
1355050.42
1348642.24
1351689.55
1350571.08
1350818.17
1349058.56
1352261.92
1345310.41
1345310.41
1345310.41
1351301.22
1351447.04
1346186.34
1347067.36
1345287.28
1345717.80
1345717.80
1348947.39
1348627.47
1348627.47
1349030.89
1349030.89
1347874.19
1343991.78
1347722.94
1345327.22
1347678.28
1347678.28
1348136.97
1342124.02
1346954.59
1346954.59
1347741.14
1347741.14
1344693.94
1344738.85
1341682.33
1345336.41
1342540.85
1343516.12
1343380.72
1341545.55
1341545.55
1341545.55
1341751.52
1338648.44
1340595.07
1340168.99
1343277.26
1341010.10
1342209.07
1342209.07
1338247.46
1339499.72
1335737.88
1334857.52
1340793.05
1337431.98
1332937.40
1337704.97
1332744.04
1337127.78
1333956.15
1337796.41
1335938.10
1335529.99
1332907.64
1335472.83
1335508.58
1329491.30
1329491.30
1329491.30
1332041.59
1333699.29
1335970.86
1334899.39
1334461.06
1334871.30
1330620.78
1334347.96
1331888.98
1331011.54
1328473.55
1328024.02
1328024.02
1327997.30
1326315.18
1328228.35
1327383.92
1332493.18
1326989.57
1327140.42
1326300.98
1327323.01
1328771.93
1328450.85
1328450.85
1324550.76
1324550.76
1324550.76
1326725.41
1324659.66
1324659.66
1324659.66
1323023.67
1323740.24
1316234.55
1316234.55
1324889.53
1324889.53
1328716.74
1325461.29
1328736.97
1327323.87
1322171.31
1323353.56
1324049.65
1324049.65
1324564.20
1324564.20
1319139.85
1322128.96
1322128.96
1321795.61
1318810.46
1318810.46
1318810.46
1320150.70
1320813.15
1314557.47
1314557.47
1317653.06
1317653.06
1317653.06
1318719.58
1317292.40
1318580.74
1317948.11
1318580.74
1317601.15
1318933.50
1319786.61
1319058.53
1318906.61
1311490.94
1315339.81
1314868.94
1315820.38
1315820.38
1317332.37
1316851.29
1319364.69
1315778.12
1314137.45
1316702.81
1314471.11
1317657.82
1314761.81
1314682.62
1314697.33
1315262.07
1315262.07
1313855.37
1313855.37
1315136.52
1314524.50
1309378.37
1309378.37
1312493.61
1306412.10
1313497.38
1310650.98
1310818.55
1309497.00
1309497.00
1309497.00
1309721.43
1311849.78
1306642.07
1305158.72
1307437.34
1305272.59
1308995.37
1304073.75
1309521.15
1309521.15
1304417.64
1310721.69
1304224.49
1309205.75
1304476.50
1308607.83
1305620.48
1300809.07
1299961.09
1299572.42
1299572.42
1301397.46
1301397.46
1300885.94
1302300.03
1298649.02
1302434.42
1302434.42
1305647.89
1303620.22
1301999.86
1300089.49
1301688.08
1302647.16
1299900.20
1302170.06
1301217.85
1301331.02
1300273.98
1302539.18
1300492.09
1301548.90
1303593.89
1300842.72
1303874.08
1297074.20
1297074.20
1297074.20
1297074.20
1301075.10
1302592.65
1301008.39
1294194.57
1294194.57
1294194.57
1294194.57
1294194.57
1294194.57
1301014.75
1297589.83
1293112.78
1293112.78
1296724.22
1291767.23
1291767.23
1296210.48
1294966.26
1294749.77
1291278.64
1291278.64
1292397.04
1297020.05
1294858.09
1291230.31
1294022.80
1294583.44
1292533.38
1295754.26
1295754.26
1295754.26
1295754.26
1293866.87
1294458.30
1296298.87
1294205.62
1291230.31
1294118.35
1294118.35
1294425.31
1293688.56
1295150.43
1291132.63
1291132.63
1291132.63
1293549.93
1293335.59
1293335.59
1295319.53
1294866.31
1293105.24
1293938.58
1294640.17
1292425.22
1292838.68
1292838.68
1291957.89
1291957.89
1291109.78
1293303.03
1290439.80
1290439.80
1291231.70
1291231.70
1290303.99
1290554.10
1292663.92
1294327.58
1292402.55
1288342.38
1288342.38
1288342.38
1292102.08
1292102.08
1292783.19
1294103.30
1294461.67
1290902.03
1290878.75
1292401.31
1292401.31
1291326.28
1289759.26
1288901.79
1288901.79
1288112.10
1286809.18
1284108.74
1284958.75
1284958.75
1285739.23
1285739.23
1280076.49
1283667.61
1288734.58
1280479.31
1284245.59
1282582.57
1280829.54
1280829.54
1276931.35
1276931.35
1280829.54
1283415.03
1283415.03
1282232.34
1282232.34
1282958.13
1282958.13
1283182.05
1283974.36
1281977.66
1285466.68
1284425.06
1282639.00
1279504.42
1279504.42
1279504.42
1282943.55
1280851.71
1280188.02
1278745.11
1279136.24
1277838.30
1274201.38
1271327.80
1271327.80
1275068.70
1278456.32
1279754.56
1277513.48
1278524.85
1277066.45
1278438.34
1276051.52
1276051.52
1271468.43
1265398.63
1266889.67
1266889.67
1266889.67
1270725.91
1267770.40
1267870.91
1268282.38
1269246.88
1268948.77
1266302.41
1266930.99
1266930.99
1268924.03
1270334.89
1269875.64
1270264.40
1268971.10
1268819.32
1264207.94
1267052.43
1262967.45
1262967.45
1262967.45
1267820.34
1268020.63
1267102.57
1261584.23
1263366.34
1266332.99
1265050.27
1265533.84
1265038.94
1261590.80
1261590.80
1263836.22
1262693.60
1265214.13
1260356.57
1260356.57
1263928.36
1261525.36
1261525.36
1263134.42
1261230.33
1259601.26
1257825.59
1257600.57
1257600.57
1260429.72
1263382.48
1262974.14
1262347.90
1260657.47
1260035.17
1262048.80
1260752.54
1261931.72
1261879.29
1260594.89
1260594.89
1259463.82
1259463.82
1258420.02
1257166.74
1257166.74
1257166.74
1256276.95
1257166.74
1257166.74
1257473.43
1259821.82
1254769.15
1258188.02
1258188.02
1260184.00
1260184.00
1259427.92
1257634.36
1256112.63
1258548.05
1259765.30
1258820.70
1259765.30
1262750.11
1263891.09
1259522.78
1258869.35
1259250.66
1259250.66
1264037.52
1263045.06
1261416.90
1259185.68
1262547.38
1262547.38
1263220.92
1257161.80
1257161.80
1259875.71
1259875.71
1261836.09
1258064.53
1260954.20
1267542.11
1264383.47
1264867.39
1264807.00
1264177.93
1262506.64
1261026.81
1261026.81
1261005.39
1264267.70
1259106.53
1261215.69
1261215.69
1258432.35
1257226.95
1262681.35
1262681.35
1266848.48
1266848.48
1265778.70
1263905.93
1262469.66
1263701.35
1263701.35
1262921.81
1262894.77
1262538.51
1262538.51
1262538.51
1261891.76
1261891.76
1262331.55
1263540.36
1261596.65
1263803.03
1261499.30
1264031.37
1263126.70
1260104.11
1261636.55
1261566.22
1260776.55
1260776.55
1260776.55
1264565.55
1262984.34
1262554.34
1262521.11
1264354.72
1264932.10
1258909.32
1263232.72
1261226.32
1259694.73
1260966.60
1259599.47
1254796.22
1263376.23
1261973.91
1261425.82
1259517.99
1260583.58
1259373.00
1255628.81
1255628.81
1252312.58
1252312.58
1252312.58
1252312.58
1255409.52
1253911.82
1253911.82
1253911.82
1248598.00
1254137.55
1254137.55
1254782.33
1254088.74
1258759.95
1251130.42
1258024.04
1258024.04
1256860.55
1256249.16
1255466.56
1255841.95
1257764.66
1255703.20
1255593.78
1255512.26
1255857.63
1256892.61
cycle
1592692.20
1579746.31
1587241.01
1587241.01
1577871.28
1577871.28
1585041.84
1583886.19
1580304.66
1580304.66
1579072.86
1579072.86
1573679.75
1573553.68
1573792.77
1565623.97
1565623.97
1565623.97
1565623.97
1565623.97
1565623.97
1563830.05
1562816.23
1562727.60
1556728.41
1552948.31
1552948.31
1549430.84
1549430.84
1546886.44
1552969.12
1548795.11
1545167.45
1543519.55
1542281.45
1543519.55
1542498.24
1543004.32
1537707.04
1537707.04
1537704.21
1537704.21
1534540.50
1534540.50
1534351.39
1533336.57
1533336.57
1530412.64
1525304.04
1525304.04
1525304.04
1525304.04
1525304.04
1523087.59
1523087.59
1523087.59
1523087.59
1523087.59
1522816.92
1522816.92
1521916.23
1521916.23
1521916.23
1521916.23
1521279.64
1521279.64
1521279.64
1520569.09
1520569.09
1520507.44
1520507.44
1519425.80
1519026.81
1519337.91
1519238.08
1519238.08
1517313.65
1517217.92
1517217.92
1517217.92
1517217.92
1517179.11
1517025.88
1517025.88
1516521.26
1516521.26
1516521.26
1516521.26
1516521.26
1516521.26
1516521.26
1516521.26
1516521.26
1515788.85
1513826.92
1513826.92
1513826.92
1513826.92
1513826.92
1513826.92
1513826.92
1513800.34
1513543.07
1512487.94
1512487.94
1512487.94
1512487.94
1512487.94
1512487.94
1512487.94
1512487.94
1512487.94
1511713.69
1511713.69
1511713.69
1511713.69
1511713.69
1511713.69
1511713.69
1511713.69
1511705.08
1511705.08
1511705.08
1508552.94
1508552.94
1508552.94
1508552.94
1508552.94
1508552.94
1508552.94
1508552.94
1508552.94
1508552.94
1508552.94
1508552.94
1508552.94
1508552.94
1508552.94
1508552.94
1508552.94
1508552.94
1508552.94
1508552.94
1508552.94
1508552.94
1508552.94
1508552.94
1508552.94
1508552.94
1508552.94
1508552.94
1508226.72
1508552.94
1508552.94
1508552.94
1508552.94
1508552.94
1508552.94
1508552.94
1508552.94
1508552.94
1508552.94
1508552.94
1508552.94
1508552.94
1508537.18
1508537.18
1508537.18
1508537.18
1508537.18
1508537.18
1508328.51
1508328.51
1508328.51
1508328.51
1508328.51
1508328.51
1508328.51
1508328.51
1508328.51
1508328.51
1508328.51
1508328.51
1508328.51
1506792.65
1506792.65
1506792.65
1506792.65
1506218.78
1505119.02
1505119.02
1505119.02
1505119.02
1505119.02
1505119.02
1505119.02
1505119.02
1505119.02
1505119.02
1505119.02
1505119.02
1505119.02
1505119.02
1505119.02
1505119.02
1504862.08
1504862.08
1504862.08
1504862.08
1504862.08
1504862.08
1504862.08
1504862.08
1504862.08
1504862.08
1504862.08
1504862.08
1504862.08
1504862.08
1504862.08
1504862.08
1504862.08
1504862.08
1504862.08
1504862.08
1504862.08
1504862.08
1504862.08
1504862.08
1504862.08
1504862.08
1504862.08
1504862.08
1504862.08
1504862.08
1504862.08
1504862.08
1504862.08
1504862.08
1504862.08
1504862.08
1504862.08
1504862.08
1504862.08
1504862.08
1504862.08
1504862.08
1504862.08
1504862.08
1504862.08
1504862.08
1504862.08
1504862.08
1504862.08
1504862.08
1504862.08
1504862.08
1504752.05
1504752.05
1504752.05
1504752.05
1504752.05
1504752.05
1504752.05
1504752.05
1504752.05
1504752.05
1504752.05
1504752.05
1504752.05
1504752.05
1504752.05
1504752.05
1504752.05
1504752.05
1504752.05
1504752.05
1504752.05
1504693.49
1504444.99
1504444.99
1504444.99
1504444.99
1504444.99
1504444.99
1504444.99
1504444.99
1504152.52
1504152.52
1504444.99
1504444.99
1504444.99
1504229.62
1504229.62
1504229.62
1504229.62
1504229.62
1504229.62
1504229.62
1504229.62
1504229.62
1504229.62
1504229.62
1504229.62
1504229.62
1504229.62
1504229.62
1504229.62
1504229.62
1504229.62
1504229.62
1504229.62
1504229.62
1504229.62
1504229.62
1504229.62
1504229.62
1504229.62
1504229.62
1504229.62
1504229.62
1504229.62
1504229.62
1504229.62
1504229.62
1504229.62
1504229.62
1504229.62
1504229.62
1504229.62
1504229.62
1504229.62
1504229.62
1504229.62
1504229.62
1504229.62
1504229.62
1504229.62
1504229.62
1504229.62
1504229.62
1504229.62
1504229.62
1504229.62
1504229.62
1504229.62
1504229.62
1504229.62
1504229.62
1504229.62
1504229.62
1504229.62
1504229.62
1504229.62
1504229.62
1504229.62
1504229.62
1504229.62
1504229.62
1504229.62
1504229.62
1504229.62
1504229.62
1504229.62
1504229.62
1503660.94
1503660.94
1503660.94
1503660.94
1503660.94
1503660.94
1503660.94
1503660.94
1501732.78
1501732.78
1501732.78
1501732.78
1500716.43
1500716.43
1500716.43
1500716.43
1500716.43
1500716.43
1500716.43
1500716.43
1500716.43
1500716.43
1500716.43
1500716.43
1500716.43
1500716.43
1500716.43
1500716.43
1500716.43
1500716.43
1500716.43
1500716.43
1500716.43
1500716.43
1500716.43
1500716.43
1500716.43
1500716.43
1500716.43
1500716.43
1500457.32
1500716.43
1500716.43
1500716.43
1500716.43
1500716.43
1500716.43
1500716.43
1500716.43
1500716.43
1500716.43
1500716.43
1500716.43
1500716.43
1500716.43
1500716.43
1500716.43
1500716.43
1500716.43
1500716.43
1500716.43
1500716.43
1500716.43
1500716.43
1500716.43
1500716.43
1500716.43
1500716.43
1500716.43
1500405.39
1500405.39
1500405.39
1500405.39
1500405.39
1499043.91
1499043.91
1499043.91
1499043.91
1499043.91
1499043.91
1499043.91
1498807.77
1498807.77
1498807.77
1498807.77
1498807.77
1498807.77
1498807.77
1498807.77
1498807.77
1498807.77
1498807.77
1498807.77
1498807.77
1498807.77
1498807.77
1498807.77
1498807.77
1498807.77
1498807.77
1498807.77
1498807.77
1498807.77
1498807.77
1498807.77
1498807.77
1498807.77
1498807.77
1498807.77
1498807.77
1498807.77
1498807.77
1498807.77
1498807.77
1498807.77
1498807.77
1498807.77
1498807.77
1498807.77
1498807.77
1498807.77
1498807.77
1498807.77
1498807.77
1498807.77
1498807.77
1498807.77
1498807.77
1498807.77
1498807.77
1498807.77
1498807.77
1498807.77
1498807.77
1498807.77
1498807.77
1498807.77
1498807.77
1498807.77
1498807.77
1498807.77
1498807.77
1498807.77
1498807.77
1498807.77
1498807.77
1498807.77
1498807.77
1498807.77
1498807.77
1498807.77
1498807.77
1498807.77
1498807.77
1498807.77
1498807.77
1498807.77
1498807.77
1498807.77
1498807.77
1498807.77
1498807.77
1498807.77
1498807.77
1498807.77
1498807.77
1498807.77
1498807.77
1498807.77
1498807.77
1498807.77
1498807.77
1498807.77
1498807.77
1498807.77
1498807.77
1498807.77
1498807.77
1498807.77
1498807.77
1498807.77
1498153.58
1498153.58
1498153.58
1498153.58
1498153.58
1498153.58
1498153.58
1497993.86
1497993.86
1497993.86
1497993.86
1497967.62
1497967.62
1497967.62
1497967.62
1497967.62
1497967.62
1497967.62
1497967.62
1497967.62
1497967.62
1497967.62
1497967.62
1497967.62
1497967.62
1497967.62
1497967.62
1497967.62
1497967.62
1497967.62
1497247.55
1497247.55
1497247.55
1497247.55
1497247.55
1497247.55
1497247.55
1497247.55
1497247.55
1496794.84
1496794.84
1496904.35
1496904.35
1496904.35
1496904.35
1496904.35
1496904.35
1496904.35
1496904.35
1496904.35
1496904.35
1496904.35
1496904.35
1496904.35
1496904.35
1496904.35
1496904.35
1496904.35
1496904.35
1496904.35
1496904.35
1496472.24
1496472.24
1496472.24
1496472.24
1496472.24
1495813.14
1495813.14
1495813.14
1495813.14
1495813.14
1495813.14
1495813.14
1495813.14
1495813.14
1495813.14
1495813.14
1495813.14
1495813.14
1495813.14
1495813.14
1495813.14
1495813.14
1495813.14
1495813.14
1495813.14
1495813.14
1495813.14
1495813.14
1495813.14
1495813.14
1495813.14
1495813.14
1495813.14
1495813.14
1495813.14
1495813.14
1495813.14
1495813.14
1495813.14
1495813.14
1495813.14
1495813.14
1495813.14
1495813.14
1495813.14
1495813.14
1495813.14
1495813.14
1495813.14
1495813.14
1495813.14
1495813.14
1495813.14
1495813.14
1495813.14
1495649.25
1495649.25
1495649.25
1495649.25
1495531.40
1495606.00
1495606.00
1495606.00
1495606.00
1495606.00
1495606.00
1495606.00
1495606.00
1495606.00
1495606.00
1495606.00
1495606.00
1495606.00
1495606.00
1495606.00
1495606.00
1495606.00
1495606.00
1495606.00
1495606.00
1495606.00
1495606.00
1495606.00
1495606.00
1495606.00
1495606.00
1495606.00
1495606.00
1495606.00
1495606.00
1495606.00
1495606.00
1495606.00
1495606.00
1495606.00
1495606.00
1495606.00
1495606.00
1495606.00
1495606.00
1495606.00
1495606.00
1495606.00
1495606.00
1495606.00
1495606.00
1495606.00
1495606.00
1495606.00
1495606.00
1495414.58
1495606.00
1495606.00
1495606.00
1495606.00
1495606.00
1495606.00
1495606.00
1495606.00
1495606.00
1495606.00
1495606.00
1495606.00
1495606.00
1495606.00
1495606.00
1495606.00
1495606.00
1495606.00
1495606.00
1495606.00
1495606.00
1495606.00
1495606.00
1495606.00
1495606.00
1495606.00
1495606.00
1495606.00
1495606.00
1495606.00
1495606.00
1495606.00
1495606.00
1495606.00
1494764.29
1494764.29
1495606.00
1495606.00
1495606.00
1495606.00
1495606.00
1495606.00
1495606.00
1495460.37
1494821.53
1494821.53
1494821.53
1494821.53
1494821.53
1494821.53
1494821.53
1494821.53
1494821.53
1494821.53
1494821.53
1494821.53
1494821.53
1494821.53
1494821.53
1494821.53
1494703.97
1494703.97
1494538.48
1494538.48
1494538.48
1494538.48
1493765.53
1493765.53
1493765.53
1493765.53
1493765.53
1493765.53
1493765.53
1493765.53
1493765.53
1493765.53
1493548.77
1493548.77
1493548.77
1493548.77
1493548.77
1493548.77
1493548.77
1493548.77
1493548.77
1493548.77
1493548.77
1493548.77
1493548.77
1493548.77
1493548.77
1493548.77
1493548.77
1493548.77
1493548.77
1493548.77
1493548.77
1493548.77
1493548.77
1493548.77
1493548.77
1493548.77
1493548.77
1493548.77
1493548.77
1493548.77
1493548.77
1493548.77
1493548.77
1493548.77
1493548.77
1493548.77
1493548.77
1493548.77
1493548.77
1493548.77
1493548.77
1493548.77
1493548.77
1493548.77
1493548.77
1493548.77
1493548.77
1493548.77
1493548.77
1493548.77
1493548.77
1493548.77
1493548.77
1493548.77
1493548.77
1493548.77
1493548.77
1493548.77
1493548.77
1493548.77
1493548.77
1493548.77
1493548.77
1493548.77
1493548.77
1493548.77
1492019.50
1492019.50
1492019.50
1492019.50
1492019.50
1492019.50
1491469.73
1491469.73
1491469.73
1491469.73
1491469.73
1491469.73
1491469.73
1491469.73
1491247.05
1491247.05
1491247.05
1490952.87
1491175.55
1491128.89
1490469.15
1490469.15
1490469.15
1490469.15
1490469.15
1490469.15
1490469.15
1490469.15
1490155.27
1490155.27
1490155.27
1490155.27
1490155.27
1490155.27
1490155.27
1490155.27
1490155.27
1490142.68
1490081.89
1490081.89
1490081.89
1490081.89
1490081.89
1490081.89
1490081.89
1490081.89
1490081.89
1490081.89
1490081.89
1490081.89
1490081.89
1490081.89
1490081.89
1490081.89
1490081.89
1490081.89
1490081.89
1490081.89
1490081.89
1490081.89
1490081.89
1490081.89
1490081.89
1490081.89
1490081.89
1490081.89
1490081.89
1490081.89
1490081.89
1490081.89
1490081.89
1490081.89
1490081.89
1490081.89
1490081.89
1490081.89
1490081.89
1490081.89
1490081.89
1490081.89
1490081.89
1489961.07
1489961.07
1489961.07
1489961.07
1489961.07
1489961.07
1489961.07
1489961.07
1489961.07
1489961.07
1489961.07
1489961.07
1489961.07
1489961.07
1489961.07
1489961.07
1489961.07
1489961.07
1489961.07
1489961.07
1489961.07
1489961.07
1489961.07
1489961.07
1489961.07
1489961.07
1489961.07
1489961.07
1489961.07
1489961.07
1489961.07
1489961.07
1489961.07
1489961.07
1489961.07
1489961.07
1489961.07
1489961.07
1489961.07
1489961.07
1489961.07
1489961.07
1489961.07
1489961.07
1489699.89
1489699.89
1489699.89
1489699.89
1489699.89
1489699.89
1489699.89
1489699.89
1489443.40
1489699.89
1489699.89
1489699.89
1489699.89
1489699.89
1489699.89
pm
1587181.72
1587181.72
1588759.94
1584709.79
1582848.90
1577104.68
1581453.19
1580720.37
1571628.88
1570246.57
1572714.14
1573727.22
1564898.19
1567905.02
1567905.02
1569224.21
1573187.84
1574602.24
1567013.45
1574146.32
1573589.38
1575352.78
1574687.16
1570210.70
1570210.70
1569967.75
1569967.75
1568489.82
1566971.26
1568421.43
1566760.92
1572519.26
1567977.20
1570021.11
1564701.51
1559049.04
1564701.51
1562526.75
1560597.84
1557331.83
1557331.83
1558440.11
1556905.71
1557294.70
1556905.71
1556905.71
1555538.50
1552652.58
1558095.64
1556427.24
1551233.57
1560320.33
1556572.98
1560320.33
1551642.94
1554150.02
1545812.47
1545812.47
1545812.47
1545812.47
1548033.26
1548652.96
1545476.95
1547781.77
1552655.51
1537510.27
1537510.27
1543417.00
1543417.00
1543417.00
1543417.00
1543417.00
1549135.61
1542093.84
1542216.68
1545764.93
1545764.93
1543031.84
1546665.67
1539930.95
1545075.61
1536762.75
1541875.12
1536193.60
1533828.52
1533828.52
1537925.00
1537906.53
1531741.60
1538182.02
1536302.89
1533635.74
1527194.87
1528843.68
1529285.28
1526249.49
1529230.92
1529203.33
1529114.74
1526050.97
1521848.26
1525957.46
1522253.64
1526000.03
1524254.11
1524254.11
1524254.11
1523144.87
1521675.32
1520756.99
1525095.08
1523143.52
1523143.52
1522312.25
1523364.55
1507252.75
1511376.36
1511376.36
1510256.88
1513519.82
1514695.64
1514695.64
1513890.35
1515422.45
1515433.35
1512510.29
1510349.11
1511905.12
1501192.29
1501192.29
1502598.77
1502598.77
1506034.81
1508073.05
1508073.05
1507876.90
1496835.13
1496835.13
1496835.13
1496332.55
1496332.55
1496853.36
1503199.57
1503199.57
1504050.02
1501153.30
1499926.93
1494739.93
1492522.63
1494739.93
1496619.01
1496847.65
1490642.20
1490642.20
1494498.17
1491346.62
1487913.02
1496457.04
1492870.24
1491188.94
1489907.52
1490219.80
1489997.30
1489035.76
1489035.76
1488566.14
1480166.41
1476454.57
1475963.63
1485980.00
1487892.96
1481665.48
1481665.48
1481959.25
1484246.32
1480033.33
1474541.92
1473070.16
1473070.16
1473070.16
1473070.16
1471057.93
1473263.20
1469950.52
1466067.18
1464644.74
1464644.74
1462034.41
1462001.91
1464485.91
1460053.41
1464931.43
1462596.08
1459098.58
1461300.33
1461017.62
1453863.31
1453863.31
1453863.31
1453863.31
1447724.00
1447724.00
1447724.00
1448060.59
1452883.65
1455690.88
1454408.76
1453742.92
1453742.92
1451925.97
1444121.88
1444121.88
1444121.88
1444121.88
1444121.88
1444121.88
1448113.59
1447485.20
1445816.73
1447485.20
1442421.63
1444151.82
1446087.14
1445242.35
1442989.42
1442989.42
1440975.25
1440652.50
1440652.50
1440652.50
1441845.58
1441702.23
1441845.58
1441176.22
1439308.83
1439308.83
1439802.70
1442468.60
1442095.85
1439251.87
1439251.87
1438985.53
1438458.39
1437666.20
1437634.83
1435211.01
1436442.28
1436442.28
1436442.28
1432602.94
1432528.17
1428935.25
1428935.25
1428935.25
1431784.33
1428252.14
1428252.14
1428252.14
1432645.30
1431160.57
1425629.70
1425629.70
1420967.61
1428272.23
1428272.23
1427627.59
1427379.32
1424292.51
1423356.00
1423356.00
1422314.77
1420698.86
1421233.04
1421233.04
1419545.98
1418213.76
1418519.05
1418434.79
1414865.59
1414440.71
1414021.57
1416852.59
1414807.62
1415093.23
1412867.74
1412867.74
1412485.53
1408054.34
1412680.13
1405440.74
1412432.45
1408729.09
1411522.44
1409176.74
1408533.18
1408653.52
1407796.99
1407837.06
1407837.06
1408282.95
1408172.16
1408053.89
1407740.23
1406431.09
1405442.50
1404720.32
1404720.32
1404720.32
1407249.23
1405094.13
1406440.98
1406109.97
1400945.40
1400945.40
1405733.84
1405116.41
1401104.59
1404789.92
1404789.92
1401783.46
1401783.46
1401783.46
1404722.57
1402600.69
1401388.14
1401788.70
1401617.82
1402151.33
1397715.90
1400301.05
1401097.88
1401325.49
1401325.49
1398887.62
1398887.62
1398783.79
1395386.09
1395386.09
1395523.82
1392735.87
1392735.87
1393877.32
1393955.20
1391996.65
1391996.65
1391996.65
1393489.17
1393458.86
1391287.15
1393048.31
1391205.67
1392865.37
1391661.88
1392106.34
1390584.81
1390584.81
1389379.96
1389379.96
1388120.13
1388024.96
1388024.96
1385381.87
1386338.63
1386790.41
1385123.32
1385123.32
1385665.59
1385642.86
1384694.32
1383744.11
1382996.00
1382996.00
1381780.05
1381713.29
1382017.43
1382663.57
1381884.83
1379539.83
1378888.38
1379283.41
1378714.07
1378440.01
1378440.01
1376485.99
1376485.99
1377469.10
1375087.66
1373082.69
1374341.32
1373882.79
1373882.79
1374282.01
1374282.01
1371923.36
1372978.19
1373319.24
1371765.95
1373107.47
1372457.75
1371320.34
1371947.99
1370438.95
1370233.64
1369084.97
1369511.47
1370384.80
1366416.87
1368546.25
1368546.25
1369134.28
1369193.11
1368080.66
1369176.28
1369047.92
1368800.73
1368603.36
1368010.83
1366466.51
1367572.31
1366415.98
1367604.48
1367118.95
1366559.65
1365464.16
1366479.35
1365941.14
1365082.59
1364520.52
1364520.52
1363820.50
1363820.50
1363445.81
1363445.81
1363071.08
1363071.08
1363060.58
1362183.27
1362116.05
1361501.20
1362657.35
1362114.17
1361631.27
1361862.47
1361121.50
1361121.50
1361099.78
1359803.94
1359803.94
1359532.07
1359515.89
1359338.98
1359268.85
1359207.28
1359015.04
1359207.28
1359128.22
1359052.00
1358925.19
1359052.00
1358999.61
1358835.25
1358790.67
1358790.67
1358774.49
1358790.67
1358774.49
1358774.49
1358774.49
1358774.49
1358774.49
1358774.49
1358774.49
1358774.49
1358774.49
1358774.49
1358774.49
1358774.49
1358774.49
1358774.49
1358774.49
1358693.58
1358693.58
1358693.58
1358693.58
1358693.58
1358693.58
1358400.68
1358400.68
1358400.68
1358400.68
1358400.68
1358400.68
1358400.68
1358400.68
1358400.68
1358400.68
1358400.68
1358400.68
1358400.68
1358400.68
1358400.68
1358400.68
1358400.68
1358400.68
1358400.68
1358400.68
1358400.68
1358400.68
1358400.68
1358400.68
1358400.68
1358400.68
1358400.68
1358400.68
1358400.68
1358400.68
1358400.68
1358400.68
1358400.68
1358400.68
1358400.68
1358400.68
1358400.68
1358400.68
1358400.68
1358400.68
1358400.68
1358400.68
1358400.68
1358400.68
1358400.68
1358400.68
1358400.68
1358400.68
1358400.68
1358400.68
1358400.68
1358400.68
1358400.68
1358400.68
1358400.68
1358400.68
1358400.68
1358400.68
1358400.68
1358400.68
1358400.68
1358400.68
1358400.68
1358400.68
1358400.68
1358400.68
1358400.68
1358400.68
1358400.68
1358400.68
1358400.68
1358400.68
1358400.68
1358400.68
1358400.68
1358400.68
1358400.68
1358400.68
1358271.43
1358271.43
1358271.43
1358271.43
1358271.43
1358271.43
1358271.43
1358271.43
1358271.43
1358271.43
1358271.43
1358271.43
1358271.43
1358271.43
1358271.43
1358271.43
1358271.43
1358271.43
1358271.43
1358271.43
1358271.43
1358271.43
1358271.43
1358271.43
1358271.43
1358271.43
1358271.43
1358271.43
1358271.43
1358271.43
1358271.43
1358271.43
1358271.43
1358271.43
1358271.43
1358271.43
1358271.43
1357810.62
1357810.62
1357810.62
1357647.41
1357647.41
1357647.41
1357647.41
1357647.41
1357647.41
1357647.41
1357647.41
1357647.41
1357647.41
1357647.41
1357647.41
1357647.41
1357647.41
1357647.41
1357647.41
1357647.41
1357647.41
1357647.41
1357647.41
1357647.41
1357647.41
1356906.33
1356906.33
1356906.33
1356906.33
1356906.33
1356906.33
1356777.97
1356777.97
1356777.97
1356777.97
1356777.97
1356777.97
1356777.97
1356777.97
1356777.97
1356777.97
1356777.97
1356777.97
1356777.97
1356777.97
1356777.97
1356777.97
1356777.97
1356777.97
1356777.97
1356777.97
1356777.97
1356777.97
1356777.97
1356777.97
1356777.97
1356777.97
1356777.97
1356777.97
1356777.97
1356777.97
1356777.97
1356777.97
1356777.97
1356777.97
1356777.97
1356777.97
1356777.97
1356777.97
1356777.97
1356777.97
1356777.97
1356777.97
1356777.97
1356777.97
1356777.97
1356777.97
1356777.97
1356777.97
1356777.97
1356777.97
1356777.97
1356777.97
1356777.97
1356777.97
1356777.97
1356777.97
1356777.97
1356777.97
1356777.97
1356777.97
1356777.97
1356777.97
1356777.97
1356777.97
1356777.97
1356777.97
1356777.97
1356777.97
1356777.97
1356777.97
1356777.97
1356777.97
1356777.97
1356777.97
1356777.97
1356777.97
1356777.97
1356777.97
1356777.97
1356777.97
1356777.97
1356777.97
1356777.97
1356777.97
1356777.97
1356777.97
1356777.97
1356777.97
1356777.97
1356777.97
1356777.97
1356777.97
1356777.97
1356777.97
1356777.97
1356777.97
1356777.97
1356777.97
1356777.97
1356777.97
1356777.97
1356777.97
1356777.97
1356777.97
1356777.97
1356777.97
1356777.97
1356777.97
1356777.97
1356777.97
1356777.97
1356777.97
1356777.97
1356777.97
1356777.97
1356777.97
1356777.97
1356777.97
1356777.97
1356777.97
1356777.97
1356777.97
1356777.97
1356777.97
1356777.97
1356777.97
1356777.97
1356777.97
1356777.97
1356777.97
1356777.97
1356777.97
1356777.97
1356777.97
1356777.97
1356777.97
1356777.97
1356777.97
1356777.97
1356777.97
1356777.97
1356777.97
1356777.97
1356777.97
1356777.97
1356777.97
1356777.97
1356777.97
1356777.97
1356777.97
1356777.97
1356777.97
1356777.97
1356777.97
1356777.97
1356777.97
1356777.97
1356777.97
1356777.97
1356777.97
1356777.97
1356777.97
1356777.97
1356777.97
1356777.97
1356777.97
1356777.97
1356777.97
1356777.97
1356777.97
1356777.97
1356777.97
1356777.97
1356777.97
1356777.97
1356777.97
1356777.97
1356777.97
1356777.97
1356777.97
1356777.97
1356777.97
1356777.97
1356777.97
1356777.97
1356777.97
1356777.97
1356777.97
1356777.97
1356777.97
1356777.97
1356777.97
1356777.97
1356777.97
1356777.97
1356777.97
1356777.97
1356777.97
1356777.97
1356777.97
1356777.97
1356777.97
1356777.97
1356777.97
1356777.97
1356777.97
1356777.97
1356777.97
1356777.97
1356777.97
1356777.97
1356777.97
1356777.97
1356415.97
1356415.97
1356415.97
1356415.97
1356415.97
1356415.97
1356415.97
1356415.97
1356415.97
1356415.97
1356415.97
1356415.97
1356415.97
1356415.97
1356415.97
1356415.97
1356415.97
1356415.97
1356415.97
1356415.97
1356415.97
1356415.97
1356415.97
1356415.97
1356415.97
1356415.97
1356415.97
1356415.97
1356415.97
1356415.97
1356415.97
1356012.55
1356012.55
1356012.55
1356012.55
1356012.55
1356012.55
1356012.55
1355824.18
1355723.71
1355723.71
1355723.71
1355723.71
1355723.71
1355723.71
1355723.71
1355723.71
1355723.71
1355723.71
1355723.71
1355723.71
1355723.71
1355723.71
1355723.71
1355723.71
1355723.71
1355723.71
1355723.71
1355723.71
1355723.71
1355723.71
1355723.71
1355723.71
1355723.71
1355723.71
1355723.71
1355723.71
1355723.71
1355723.71
1355723.71
1355723.71
1355723.71
1355723.71
1355723.71
1355723.71
1355723.71
1355723.71
1355723.71
1355723.71
1355723.71
1355723.71
1355723.71
1355723.71
1355723.71
1355723.71
1355723.71
1355723.71
1355723.71
1355723.71
1355723.71
1355723.71
1355723.71
1355723.71
1355723.71
1355723.71
1355723.71
1355723.71
1355723.71
1355723.71
1355723.71
1355723.71
1355723.71
1355723.71
1355723.71
1355723.71
1355723.71
1355723.71
1355723.71
1355723.71
1355723.71
1355723.71
1355723.71
1355723.71
1355723.71
1355723.71
1355723.71
1355723.71
1355723.71
1355723.71
1355723.71
1355723.71
1355723.71
1355723.71
1355723.71
1355723.71
1355723.71
1355723.71
1355723.71
1355723.71
1355723.71
1355723.71
1355723.71
1355723.71
1355723.71
1355723.71
1355723.71
1355723.71
1355723.71
1355723.71
1355723.71
1355723.71
1355723.71
1355723.71
1355723.71
1355723.71
1355723.71
1355723.71
1355723.71
1355723.71
1355723.71
1355723.71
1355723.71
1355723.71
1355723.71
1355723.71
precedence
1586989.50
1590758.99
1588272.19
1585456.33
1585456.33
1585456.33
1593102.90
1586562.45
1592905.32
1593204.40
1587607.12
1578867.25
1589604.64
1578589.43
1591351.43
1587466.37
1584104.26
1584104.26
1583771.93
1583771.93
1588926.60
1588926.60
1588926.60
1593816.70
1590130.95
1592296.28
1593286.68
1595084.88
1594981.27
1592766.79
1592272.84
1588590.44
1588681.80
1584729.35
1584729.35
1590627.12
1590627.12
1588197.44
1583644.91
1583644.91
1583644.91
1583141.37
1583141.37
1579799.39
1579644.21
1575342.74
1575342.74
1583039.78
1581902.20
1570434.07
1581902.20
1581902.20
1579319.02
1585328.49
1581276.62
1577919.47
1577919.47
1577148.14
1577148.14
1576217.17
1576217.17
1575591.44
1575591.44
1584093.63
1582585.41
1583451.45
1586491.74
1576079.26
1582218.12
1582218.12
1583237.61
1583237.61
1584396.30
1582163.35
1572654.64
1572428.61
1572428.61
1580385.56
1582203.49
1587285.65
1579830.28
1579613.76
1583078.44
1568760.59
1568760.59
1568848.17
1569785.65
1569785.65
1581467.89
1581467.89
1577437.43
1577437.43
1577437.43
1577437.43
1577987.47
1577987.47
1577987.47
1580494.26
1580494.26
1578383.11
1578383.11
1570454.18
1570454.18
1584577.65
1584577.65
1584063.39
1584063.39
1584063.39
1585018.60
1576582.05
1576582.05
1576582.05
1577613.15
1577613.15
1577613.15
1581476.41
1584962.27
1584962.27
1578944.66
1575462.00
1578944.66
1584576.83
1584576.83
1589677.35
1580374.04
1580374.04
1581949.49
1586138.02
1584775.69
1581378.20
1578148.71
1581384.67
1582570.70
1584495.59
1581421.02
1576995.08
1576995.08
1576995.08
1576995.08
1581741.88
1576347.83
1575507.12
1575021.48
1582706.21
1581644.28
1572667.24
1572667.24
1577970.91
1581390.36
1570720.75
1575732.30
1575732.30
1576798.93
1576501.71
1574542.55
1574542.55
1574542.55
1574542.55
1575211.09
1575211.09
1567620.22
1567620.22
1575211.09
1578630.04
1579946.62
1579946.62
1579946.62
1582801.32
1582801.32
1573321.17
1584233.91
1584142.26
1578614.26
1570478.92
1581932.57
1574821.64
1574821.64
1574821.64
1574821.64
1578983.95
1574405.29
1574405.29
1575594.63
1574358.92
1574358.92
1573109.81
1579377.74
1573415.04
1573415.04
1576641.33
1576072.35
1576942.52
1575152.61
1574493.90
1576942.52
1572554.31
1572554.31
1569558.23
1573967.67
1576556.61
1580489.44
1572805.92
1572805.92
1572626.99
1571577.05
1571577.05
1573080.73
1572646.83
1572646.83
1572596.85
1572596.85
1572596.85
1573899.72
1574598.65
1574598.65
1578710.30
1573064.60
1575880.32
1572901.68
1563773.62
1563773.62
1568870.27
1572992.75
1573651.91
1576334.96
1580263.26
1579902.31
1579900.57
1572833.78
1572833.78
1572833.78
1576416.02
1568049.44
1568049.44
1572719.74
1574549.68
1571044.40
1571044.40
1581530.88
1578827.06
1578827.06
1577334.16
1577334.16
1577334.16
1577334.16
1580135.99
1575380.12
1577834.11
1577834.11
1579725.68
1568162.81
1574725.05
1574725.05
1574725.05
1582992.71
1576061.97
1561159.39
1561159.39
1579315.42
1572826.49
1572826.49
1581673.63
1573526.40
1573526.40
1568017.64
1566724.35
1566724.35
1566724.35
1566724.35
1582047.40
1575299.29
1575299.29
1576570.98
1582849.84
1581720.50
1581720.50
1581720.50
1581720.50
1573763.51
1568466.24
1568466.24
1571939.85
1570896.64
1573763.51
1574727.28
1574727.28
1574727.28
1578713.95
1576757.40
1573956.81
1573956.81
1573956.81
1573956.81
1573783.80
1573783.80
1576329.11
1580147.78
1576930.00
1574209.65
1576422.78
1574594.35
1577052.03
1573635.45
1570660.93
1572521.71
1572521.71
1572521.71
1572521.71
1571386.99
1569912.13
1574916.60
1572226.92
1570328.83
1570328.83
1570328.83
1570328.83
1570328.83
1567140.19
1572438.14
1567137.15
1572838.10
1571506.09
1572988.82
1572988.82
1572988.82
1566957.16
1566957.16
1575421.78
1575421.78
1569059.98
1569059.98
1569059.98
1569059.98
1569059.98
1571893.60
1571893.60
1571553.61
1573233.98
1565295.91
1565295.91
1565295.91
1562478.50
1562478.50
1572282.65
1572282.65
1576008.07
1574414.22
1565784.62
1574414.22
1571066.34
1562864.22
1571865.35
1571865.35
1571865.35
1577095.72
1577095.72
1579259.04
1579259.04
1575396.75
1577088.04
1577088.04
1577630.44
1566026.73
1566026.73
1566026.73
1575375.96
1573718.38
1573718.38
1570128.26
1570128.26
1570128.26
1575432.49
1575387.53
1574951.79
1571608.77
1567054.76
1567054.76
1567054.76
1567054.76
1567054.76
1571374.75
1572547.46
1574784.35
1574990.66
1574990.66
1566461.44
1566461.44
1566461.44
1568974.33
1568974.33
1564639.99
1568974.33
1563188.79
1563188.79
1568019.64
1568019.64
1572241.61
1567950.82
1567950.82
1574186.02
1566530.02
1566530.02
1562520.96
1562520.96
1571297.59
1570411.16
1560795.18
1568451.46
1568451.46
1568451.46
1563992.51
1563992.51
1571532.18
1569716.12
1569716.12
1559470.47
1559470.47
1565196.24
1566928.69
1564464.76
1564464.76
1560810.08
1560810.08
1561437.84
1561437.84
1552722.11
1565484.20
1563863.87
1566284.53
1563068.12
1562687.81
1564712.30
1563189.04
1564712.30
1564712.30
1564712.30
1564712.30
1564712.30
1565071.71
1565071.71
1565071.71
1565379.01
1569044.35
1559981.06
1565806.78
1573847.15
1573847.15
1573847.15
1574170.60
1574170.60
1578464.47
1578464.47
1574172.06
1576388.73
1576388.73
1580610.86
1580610.86
1580610.86
1580217.03
1569058.74
1569058.74
1576038.97
1576038.97
1576038.97
1578102.95
1574025.59
1574157.34
1573707.37
1575754.87
1571925.94
1565904.49
1565904.49
1572838.59
1572838.59
1572838.59
1567294.61
1568569.27
1568569.27
1570743.70
1578507.09
1578507.09
1571970.84
1571970.84
1565358.12
1565358.12
1565358.12
1571708.32
1576087.76
1572977.88
1562377.96
1561268.61
1561268.61
1561068.57
1575799.64
1569697.67
1569697.67
1578724.62
1577141.24
1568856.58
1553316.75
1564920.91
1567944.35
1560433.97
1567818.21
1562923.54
1562923.54
1564377.55
1561321.48
1564015.34
1564015.34
1566684.80
1566684.80
1566684.80
1566684.80
1564148.91
1565494.61
1555367.76
1555367.76
1555367.76
1555367.76
1555367.76
1562367.97
1559507.14
1559507.14
1559507.14
1559507.14
1552740.18
1550015.39
1550015.39
1555154.69
1555154.69
1565511.08
1565576.44
1565576.44
1557967.82
1565254.16
1566577.75
1563169.15
1561758.14
1559741.33
1565475.12
1564934.98
1566927.25
1569025.63
1568363.12
1567368.14
1565705.03
1565705.03
1565705.03
1565705.03
1565705.03
1568013.17
1574703.33
1570723.94
1571301.42
1571301.42
1574418.01
1573956.50
1573956.50
1567718.28
1567718.28
1567718.28
1577573.05
1584267.06
1584267.06
1579333.21
1575063.49
1575063.49
1575063.49
1575063.49
1573993.45
1573993.45
1573993.45
1575840.53
1570442.83
1581405.77
1581405.77
1579883.22
1577247.82
1576978.29
1576978.29
1583113.54
1573088.49
1581527.35
1584294.20
1579731.64
1579731.64
1584980.45
1584980.45
1583838.47
1576616.29
1574589.89
1574589.89
1578681.21
1579239.03
1582586.73
1579814.16
1582586.73
1574225.16
1582586.73
1582586.73
1579233.99
1575265.50
1575265.50
1579795.68
1577767.23
1576301.45
1575485.97
1571098.24
1582120.65
1583121.12
1578670.45
1578054.55
1584840.68
1582258.61
1574768.14
1584840.68
1575547.08
1575547.08
1581189.99
1581189.99
1579888.40
1579886.99
1576289.31
1578911.72
1578911.72
1573968.86
1573968.86
1571605.51
1583463.46
1580119.57
1578338.83
1578338.83
1572551.50
1572551.50
1572551.50
1583596.39
1583596.39
1572544.77
1576130.16
1582965.39
1585260.64
1571054.20
1581602.30
1588207.81
1588207.81
1579748.73
1579748.73
1586094.11
1580889.51
1580889.51
1578662.82
1569083.73
1578753.20
1578753.20
1578753.20
1586273.53
1574337.67
1574337.67
1574337.67
1574337.67
1587007.04
1585408.60
1582165.51
1582165.51
1579015.13
1582519.35
1582519.35
1582519.35
1582519.35
1582519.35
1583726.36
1583826.54
1579770.38
1569635.75
1569635.75
1576523.46
1579525.73
1582279.09
1582279.09
1577390.73
1577390.73
1580961.36
1573427.53
1582279.09
1582015.61
1582015.61
1582015.61
1581592.06
1576258.23
1582624.80
1584687.74
1579917.11
1567680.89
1567899.69
1574209.35
1574209.35
1579994.39
1579221.34
1579994.39
1580440.45
1580440.45
1580440.45
1570433.36
1570433.36
1570433.36
1585339.03
1583430.22
1578934.09
1578934.09
1578934.09
1578934.09
1578934.09
1578934.09
1583512.78
1583512.78
1587233.62
1589006.33
1589006.33
1585808.88
1577329.47
1577329.47
1587572.90
1584485.64
1581511.52
1581511.52
1580342.32
1581364.70
1584485.64
1579270.86
1579270.86
1579537.04
1579537.04
1579537.04
1581464.42
1580758.16
1580758.16
1580758.16
1584840.75
1582339.00
1580777.54
1580777.54
1578958.38
1578683.41
1582695.97
1573123.64
1584147.81
1584147.81
1586487.67
1579514.81
1579514.81
1573418.48
1573418.48
1587411.56
1584388.34
1581945.14
1579405.83
1581945.14
1578921.80
1579682.31
1579682.31
1583894.68
1581581.75
1584614.17
1581416.77
1578042.28
1578042.28
1582856.40
1571867.55
1566816.16
1566816.16
1566816.16
1566816.16
1566816.16
1575351.37
1575351.37
1580130.85
1581787.30
1577576.38
1577576.38
1572287.33
1564089.15
1578716.16
1578716.16
1578716.16
1575406.81
1573480.43
1556016.07
1573298.34
1573298.34
1571841.09
1571432.60
1573857.79
1574159.11
1574382.30
1580355.59
1570655.01
1570049.11
1571267.38
1571139.76
1567783.17
1567783.17
1570824.20
1570824.20
1570824.20
1568477.08
1578828.12
1574133.32
1574133.32
1575641.33
1571434.82
1570588.01
1570886.88
1570886.88
1570886.88
1570886.88
1573962.31
1577450.53
1577450.53
1577450.53
1565808.51
1563662.99
1560691.45
1560691.45
1569734.10
1575703.19
1559188.94
1559188.94
1559188.94
1559188.94
1571726.41
1567373.49
1567373.49
1574975.52
1572646.35
1572646.35
1567215.19
1567215.19
1567215.19
1574813.14
1575003.13
1568846.40
1578744.85
1575572.77
1574881.68
1567940.79
1569137.43
1569324.16
1569057.81
1569057.81
1569057.81
1577470.56
1580239.69
1574026.22
1582109.16
1581886.16
1572309.05
1571023.88
1580698.31
1569445.68
1569445.68
1573364.70
1568189.13
1568189.13
1568189.13
1570282.05
1570282.05
1569363.64
1569363.64
1569363.64
1569363.64
1574784.87
1570357.29
1561856.33
1573662.18
1573148.42
1568922.37
1561848.72
1561848.72
1561848.72
1569106.97
1578838.13
1569350.86
1567693.56
1572682.12
1569691.92
1571056.49
1563212.14
1572909.12
1570804.85
1570804.85
1572157.04
1565406.09
1565406.09
1568727.13
1568727.13
1565362.92
1565362.92
1573394.95
1573446.09
1573446.09
1573446.09
1565966.46
1570486.90
1566995.36
1558073.47
1555208.37
1562269.84
1557306.94
1557306.94
1551247.41
1566552.89
1559283.30
1554417.78
1554417.78
1555944.45
1557522.98
1544099.31
1534588.61
1534588.61
1547638.47
1554740.46
1555607.84
1555110.69
1554117.49
1554990.01
1547871.71
1556012.94
1548551.89
1548551.89
1548551.89
1560300.33
1561187.02
1566982.59
1556294.86
1564359.86
1567433.99
1567433.99
1564057.78
1566365.83
1567600.33
1567600.33
1569114.50
1568173.40
1568173.40
1568696.00
1573654.56
1569762.26
1571802.49
1566923.15
1566923.15
1566985.40
1566985.40
1569899.77
1568107.99
1572380.63
1570346.22
1573812.13
1570037.25
1554227.75
1554227.75
1554227.75
1574224.55
1572110.60
1571111.75
1570005.31
1570005.31
1571111.75
1573440.45
1567340.76
1567340.76
1567340.76
1567340.76
1570654.31
1570654.31
1567240.47
1571703.25
1577747.58
1581408.09
1579431.68
1579104.71
1580839.38
1580839.38
1577919.21
1574415.66
1581181.10
1581049.16
1581049.16
1581049.16
1580806.40
1573254.94
1580806.40
1577363.02
1576318.52
1577363.02
1577489.48
1577489.48
1580316.58
1580316.58
1575759.30
