greedy
143458.544
113449.992
91089.8541
73659.6070
62552.5347
57402.9099
53504.6875
50073.6835
49725.5810
49026.9052
46892.8117
46609.9202
44067.8302
42964.3702
43151.8575
41666.2607
40512.4139
40484.8000
38746.5720
38745.8754
36985.6913
37016.4126
37016.4126
36772.8088
36762.5381
37060.9783
36706.3381
35375.7384
35047.7093
34681.9113
33745.4623
31333.6632
33562.8664
32662.7102
34436.3863
33409.0896
33287.5224
33181.4693
33218.6312
33218.6312
32186.1720
32186.1720
31596.6111
30799.1489
31102.1521
31071.3303
30413.0319
30111.9457
29474.1284
29474.1284
29510.0575
29053.5375
28033.4151
27954.0810
26897.9929
26897.9929
26638.3383
27699.5145
26236.1925
26798.4708
25872.7565
25872.7565
26031.7667
25524.8961
24486.1891
25509.9884
26189.2756
25613.3990
25437.0248
24915.3261
24917.9977
24917.9977
24568.2748
24070.1524
23693.5041
23816.0915
23816.0915
24563.7514
24312.0781
24117.7811
24117.7811
24687.3417
24646.7524
23983.9472
23983.9472
23656.2803
24066.3840
24194.8132
23550.6406
23118.6767
22567.6710
22567.6710
23481.5068
23481.5068
23606.4085
23606.4085
23606.4085
24181.7302
23641.8198
23641.8198
22852.6053
23104.6559
23104.6559
23395.8442
23364.7120
22115.9950
22115.9950
22115.9950
22555.1781
21974.3129
22155.3015
22155.3015
22093.9048
21817.8202
21817.8202
21425.9719
21957.3352
21813.3511
21813.3511
21813.3511
21944.3128
21901.0405
21558.5202
21196.4710
21196.4710
21633.4675
21767.4267
21496.4341
21459.8751
21635.1463
21728.8073
21689.3928
21540.6099
21496.5639
21822.5196
21540.0657
21082.4882
21082.4882
21082.4882
21552.0596
21731.3285
21581.3245
21138.1180
21692.6895
21055.2994
21172.1570
21194.8211
21240.1924
21423.2853
21494.1024
21433.8383
21195.6274
21208.4400
21052.6725
20979.2290
20979.2290
20979.2290
20979.2290
21193.3475
21339.4510
21157.2599
21237.9149
21010.3457
21231.5321
21084.0524
21084.0524
20678.0736
21171.9873
20927.5992
21063.6393
20851.9099
21011.2886
20804.9708
20826.6941
21011.2886
20940.6387
20732.3321
20732.3321
20732.3321
20678.8698
20748.0702
20738.7533
20801.0752
20677.0410
20677.0410
20457.6002
20674.5656
20674.5656
20198.2867
20393.5198
20109.2339
20331.0796
20253.5792
20110.5903
20435.8604
20290.3912
20206.7401
20290.3912
20656.2943
20498.6336
20520.9734
20255.2167
20559.8319
20559.8320
20151.5583
20151.5583
20255.2167
20255.2167
20255.2167
20199.1682
20199.1682
20517.9983
20532.8272
20585.7625
20585.7625
20514.9150
20348.9687
20596.8288
20882.5665
20479.9929
20515.5442
20332.6581
20756.8712
20614.3336
20408.9586
20737.6663
20441.2306
20441.2306
20441.2306
20441.2306
20441.2306
20602.8269
20592.1906
20592.1906
20602.8269
20592.1906
20592.1906
20592.1906
20501.3476
20634.5818
20602.8269
20634.5818
20592.1906
20592.1906
20592.1906
20735.8105
20758.0469
20592.1906
20592.1906
20634.5818
20592.1906
20592.1906
20592.1906
20592.1906
20602.8269
20602.8269
20602.8269
20602.8269
20735.8105
20602.8269
20592.1906
20634.5818
20634.5818
20634.5818
20634.5818
20602.8269
20592.1906
20772.1906
20634.5818
20735.8105
20602.8269
20602.8269
20592.1906
20592.1906
20735.8105
20735.8105
20592.1906
20735.8105
20735.8105
20735.8105
20602.8269
20592.1906
20592.1906
20592.1906
20602.8269
20602.8269
20602.8269
20592.1906
20602.8269
20735.8105
20592.1906
20592.1906
20592.1906
20592.1906
20592.1906
20602.8269
20592.1906
20634.5818
20592.1906
20602.8269
20602.8269
20602.8269
20592.1906
20602.8269
20634.5818
20634.5818
20634.5818
20592.1906
20625.0091
20735.8105
20634.5818
20602.8269
20602.8269
20602.8269
20602.8269
20602.8269
20592.1906
20602.8269
20602.8269
20602.8269
20602.8269
20735.8105
20602.8269
20602.8269
20602.8269
20602.8269
20602.8269
20602.8269
20735.8105
20735.8105
20602.8269
20572.8315
20572.8315
20602.8269
20592.1906
20592.1906
20592.1906
20592.1906
20592.1906
20602.8269
20602.8269
20602.8269
20735.8105
20602.8269
20592.1906
20602.8269
20592.1906
20602.8269
20602.8269
20759.2890
20602.8269
20592.1906
20592.1906
20592.1906
20602.8269
20602.8269
20602.8269
20602.8269
20634.5818
20735.8105
20602.8269
20592.1906
20758.0469
20745.3118
20634.5818
20602.8269
20592.1906
20592.1906
20592.1906
20602.8269
20592.1906
20592.1906
20602.8269
20634.5818
20602.8269
20745.3117
20602.8269
20634.5818
20634.5818
20602.8269
20735.8105
20602.8269
20602.8269
20602.8269
20592.1906
20602.8269
20634.5818
20602.8269
20634.5818
20592.1906
20592.1906
20602.8269
20602.8269
20634.5818
20602.8269
20592.1906
20592.1906
20592.1906
20781.6290
20602.8269
20592.1906
20592.1906
20592.1906
20592.1906
20602.8269
20735.8105
20602.8269
20592.1906
20592.1906
20735.8105
20592.1906
20602.8269
20602.8269
20592.1906
20592.1906
20735.8105
20735.8105
20773.1683
20592.1906
20592.1906
20592.1906
20592.1906
20592.1906
20592.1906
20602.8269
20602.8269
20602.8269
20602.8269
20592.1906
20602.8269
20735.8105
20735.8105
20725.9207
20602.8269
20634.5818
20602.8269
20602.8269
20592.1906
20730.2382
20730.2382
20730.2382
20854.4945
20759.2208
20687.1121
20730.2382
20687.1121
20812.6477
20725.9207
20745.7846
20759.2208
20730.2382
20591.4053
20338.2451
20592.6635
20750.8208
20773.6412
20736.2834
20603.2998
20725.9208
20736.2834
20603.2998
20736.2834
20725.9208
20736.2834
20725.9208
20725.9208
20725.9208
20592.6635
20603.2997
20603.2997
20603.2997
20748.1572
20635.0547
20603.2997
20603.2997
20736.2834
20603.2997
20592.6635
20603.2998
20592.6635
20592.6635
20592.6635
20592.6635
20603.2997
20603.2997
20603.2998
20603.2997
20592.6635
20603.2997
20592.6635
20603.2997
20603.2997
20592.6635
20736.2834
20603.2998
20736.2834
20592.6635
20592.6635
20758.5198
20603.2998
20603.2998
20603.2998
20635.0547
20592.6635
20592.6635
20592.6635
20603.2997
20592.6635
20603.2998
20603.2998
20603.2998
20603.2998
20603.2998
20592.6635
20736.2834
20736.2834
20736.2834
20603.2997
20592.6635
20592.6635
20603.2997
20773.6412
20603.2997
20603.2997
20603.2997
20635.0547
20635.0547
20603.2998
20603.2997
20603.2997
20592.6635
20603.2997
20592.6635
20592.6635
20592.6635
20592.6635
20592.6635
20736.2834
20736.2834
20736.2834
20736.2834
20736.2834
20603.2998
20603.2998
20736.2834
20592.6635
20603.2998
20603.2998
20603.2998
20603.2997
20603.2997
20603.2997
20592.6635
20592.6635
20592.6635
20592.6635
20592.6635
20635.0547
20603.2997
20592.6635
20603.2997
20603.2997
20603.2997
20772.6635
20592.6635
20592.6635
20592.6635
20635.0547
20592.6635
20603.2997
20603.2998
20603.2998
20592.6635
20592.6635
20592.6635
20592.6635
20592.6635
20603.2997
20635.0547
20736.2834
20592.6635
20592.6635
20736.2834
20736.2834
20566.9457
20566.9457
20603.2998
20603.2998
20736.2834
20745.7846
20603.2998
20603.2997
20745.7846
20592.6635
20592.6635
20715.4930
20825.8527
20782.8199
20782.8199
20782.8199
20758.9725
20725.5900
20828.3075
20753.6003
20800.7513
20556.0689
20661.7754
20666.4559
20843.1426
20843.1426
20696.1337
20689.3117
20689.3117
20665.9287
20540.4858
20767.9257
20531.2155
20586.5080
20384.3878
20384.3878
20384.3878
20384.3878
20384.3878
20510.3168
20586.5080
20384.3878
20384.3878
20384.3878
20384.3878
20510.3168
20490.2443
20490.2443
20384.3878
20384.3878
20384.3878
20491.4864
20510.3168
20384.3878
20510.3168
20490.2443
20490.2443
20491.4864
20384.3878
20384.3878
20384.3878
20384.3878
20384.3878
20384.3878
20586.5080
20490.2443
20513.8262
20491.4864
20384.3878
20384.3878
20384.3878
20384.3878
20384.3878
20384.3878
20513.8262
20491.4864
20510.3168
20510.3168
20490.2443
20384.3878
20384.3878
20384.3878
20384.3878
20510.3168
20490.2443
20384.3878
20384.3878
20384.3878
20384.3878
20384.3878
20605.5808
20605.5808
20605.5808
20605.5808
20510.3168
20384.3878
20490.2443
20491.4864
20596.1659
20384.3878
20491.4864
20490.2443
20490.2443
20491.4864
20490.2443
20490.2443
20384.3878
20490.2443
20490.2443
20384.3878
20384.3878
20384.3878
20384.3878
20531.2155
20384.3878
20384.3878
20384.3878
20573.1430
20510.3168
20510.3168
20384.3878
20384.3878
20384.3878
20384.3878
20586.5080
20384.3878
20384.3878
20384.3878
20384.3878
20510.3168
20510.3168
20490.2443
20491.4864
20491.4864
20384.3878
20531.2155
20490.2443
20384.3878
20384.3878
20384.3878
20384.3878
20384.3878
20384.3878
20491.4864
20384.3878
20510.3168
20490.2443
20491.4864
20531.2155
20531.2155
20384.3878
20510.3168
20490.2443
20490.2443
20384.3878
20491.4864
20491.4864
20491.4864
20510.3168
20384.3878
20384.3878
20490.2443
20384.3878
20384.3878
20384.3878
20384.3878
20586.5080
20491.4864
20384.3878
20490.2443
20513.8262
20513.8262
20384.3878
20384.3878
20384.3878
20384.3878
20384.3878
20491.4864
20491.4864
20490.2443
20767.9257
20490.2443
20384.3878
20384.3878
20490.2443
20491.4864
20491.4864
20490.2443
20384.3878
20384.3878
20384.3878
20384.3878
20491.4864
20384.3878
20384.3878
20531.2155
20605.5808
20490.2443
20490.2443
20510.3168
20491.4864
20596.1659
20384.3878
20384.3878
20384.3878
20718.5621
20513.8262
20490.2443
20490.2443
20384.3878
20384.3878
20384.3878
20510.3168
20490.2443
20384.3878
20384.3878
20490.2443
20384.3878
20384.3878
20384.3878
20384.3878
20513.8262
20490.2443
20531.2155
20384.3878
20384.3878
20531.2155
20510.3168
20490.2443
20531.2155
20490.2443
20490.2443
20490.2443
20490.2443
20513.8262
20675.4701
20510.3168
20384.3878
20384.3878
20491.4864
20491.4864
20531.2155
20384.3878
20490.2443
20490.2443
20384.3878
20384.3878
20384.3878
20491.4864
20490.2443
20510.3168
20384.3878
20491.4864
20490.2443
20384.3878
20384.3878
20384.3878
20491.4864
20491.4864
20490.2443
20586.5080
20490.2443
20384.3878
20491.4864
20490.2443
20384.3878
20384.3878
20384.3878
20490.2443
20490.2443
20490.2443
20490.2443
20490.2443
20490.2443
20490.2443
20384.3878
20384.3878
20586.5080
20531.2155
20586.5080
20490.2443
20384.3878
20384.3878
20384.3878
20384.3878
20384.3878
20384.3878
20384.3878
20491.4864
20384.3878
20510.3168
20531.2155
20384.3878
20531.2155
20490.2443
20491.4864
20490.2443
20490.2443
20490.2443
20384.3878
20490.2443
20531.2155
20490.2443
20596.1659
20384.3878
20596.1659
20491.4864
20491.4864
20586.5080
20490.2443
20531.2155
20384.3878
20490.2443
20510.3168
20384.3878
20384.3878
20384.3878
20384.3878
20384.3878
20490.2443
20586.5080
20510.3168
20384.3878
20490.2443
20531.2155
20531.2155
20384.3878
20513.8262
20384.3878
20384.3878
20384.3878
20491.4864
20384.3878
20384.3878
20384.3878
20490.2443
20384.3878
20510.3168
20384.3878
20531.2155
20596.1659
20490.2443
20490.2443
20586.5080
20605.5808
20491.4864
20491.4864
20384.3878
20510.3168
20384.3878
20384.3878
20384.3878
20384.3878
20384.3878
20384.3878
20384.3878
20384.3878
20384.3878
20384.3878
20384.3878
20384.3878
20491.4864
20586.5080
20384.3878
20384.3878
20531.2155
20384.3878
20510.3168
20718.5621
20510.3168
20491.4864
20490.2443
20490.2443
20490.2443
20490.2443
20596.1659
20586.5080
20491.4864
20384.3878
20384.3878
20384.3878
20384.3878
20384.3878
20531.2155
20490.2443
20490.2443
20384.3878
20490.2443
20384.3878
20586.5080
20384.3878
20384.3878
20384.3878
20384.3878
20490.2443
20510.3168
20510.3168
20490.2443
20490.2443
20491.4864
20490.2443
20605.5808
20384.3878
20491.4864
20384.3878
20384.3878
20384.3878
20384.3878
20384.3878
20384.3878
20384.3878
20491.4864
20384.3878
20531.2155
20490.2443
20384.3878
pm
pm
175256.234
173995.390
173703.913
172541.502
170775.216
170935.707
170040.300
170828.191
170828.191
171906.616
169912.568
168990.653
170447.406
170490.365
168609.626
167483.617
167189.113
167925.109
167925.109
169515.874
169515.874
169422.057
166490.531
167668.644
167668.644
167815.756
167815.756
168770.137
168374.699
168243.545
167773.241
167503.563
167563.899
167704.824
162885.549
162885.549
164175.305
165519.964
164404.895
164903.910
164841.989
164646.327
164151.036
163276.191
163276.191
162636.535
163502.754
162047.104
162077.700
162198.829
161390.481
163383.696
162776.155
162089.849
162089.849
162089.849
160663.322
160663.322
160663.322
161327.460
160047.617
161095.419
160900.456
159001.827
159001.827
158545.216
158545.216
159513.317
159494.355
159137.363
159137.363
158152.695
158152.695
156234.827
158638.032
156713.802
156713.802
156713.802
156713.802
155629.089
156511.032
155923.964
155583.684
155896.605
155381.653
153995.786
154941.152
154985.222
155187.346
153417.850
153417.850
153417.850
154198.524
154259.896
154003.198
153465.143
150555.531
152168.924
152283.084
152622.560
152362.542
151750.012
152249.335
152262.778
151285.024
150842.470
150010.311
150010.311
150020.287
149822.140
149822.140
148989.748
148989.748
148749.457
148066.268
148066.268
148319.051
147233.779
147035.221
145656.972
148319.051
147516.215
148070.390
146543.821
146036.947
146036.947
145337.470
145413.121
145413.121
145659.313
145446.673
146016.036
145675.610
146585.606
146461.991
146100.529
146002.888
145349.689
145274.770
145349.689
145211.155
143610.147
142506.542
142536.046
143444.591
142422.770
141939.616
142517.776
140940.137
142273.507
140325.859
141756.745
141674.064
141267.773
140968.154
140587.898
141408.723
140847.439
141082.041
141117.532
140116.062
140800.723
140527.002
140593.849
140079.488
140097.258
139759.361
139988.205
139988.205
138931.198
137634.188
139086.879
138340.953
138224.812
138206.100
137530.662
137525.812
137097.998
137097.998
137482.966
135833.945
135978.262
135978.262
134730.094
135466.961
134899.705
135466.961
135314.626
134959.054
135603.393
135603.393
136039.849
135500.870
136203.304
135455.128
135398.526
135142.718
135142.718
135142.718
134405.338
134214.612
134055.113
134055.113
133478.427
133668.718
131952.953
132463.783
132463.783
132158.798
131763.360
131627.756
131414.579
131385.812
131287.068
130705.803
129827.017
129827.017
129130.926
129130.926
128795.142
128619.318
128619.318
128439.345
127978.534
127978.534
127162.803
127041.787
127162.803
126975.351
126839.053
125955.317
126243.795
126475.954
126378.908
126091.823
125935.634
125373.026
125107.969
125272.725
125415.696
124767.505
123162.342
124712.295
124718.058
124463.746
123776.755
123348.386
123348.386
123326.794
123280.066
122496.708
122374.284
122006.922
122006.922
121800.215
121800.215
121722.609
121142.553
121043.212
121595.530
121324.337
121266.613
120569.095
121230.153
121230.153
120790.415
120837.054
120856.807
120834.495
120648.246
120522.658
120356.716
120475.004
120146.407
120146.407
120214.059
120082.808
120190.637
119540.473
119810.249
119810.249
119822.965
119786.544
119331.830
119331.830
119149.312
119573.833
119004.039
119352.469
119173.078
119471.967
118965.118
119102.614
118966.148
118304.936
118525.874
118433.682
118453.222
118513.235
118240.416
118190.976
118424.155
118251.376
117803.168
118258.761
117768.980
117768.980
117768.980
117882.072
117882.072
117382.442
117359.003
117125.067
117125.067
117374.421
116852.906
117249.377
117147.535
117147.535
117202.271
117016.753
116542.736
116542.736
116415.943
116433.833
116260.203
116091.599
115994.985
115994.985
116025.684
116025.684
116025.684
116001.913
115907.302
115907.302
115884.433
115823.866
115760.296
115688.907
115500.776
115500.776
115577.275
115485.679
115315.018
115290.594
115290.594
115265.738
115222.138
115170.272
115125.849
115107.642
115028.972
114881.248
114814.561
114814.561
114814.561
114814.561
114814.561
114809.544
114773.522
114759.363
114764.680
114764.680
114736.752
114736.752
114642.382
114619.804
114619.804
114614.788
114614.788
114601.468
114601.468
114586.787
114538.513
114556.849
114538.513
114538.513
114538.513
114538.513
114538.513
114538.513
114538.513
114538.513
114538.513
114538.513
114538.513
114509.184
114509.184
114509.184
114502.267
114502.267
114502.267
114502.267
114426.741
114426.741
114426.741
114426.741
114426.741
114399.393
114323.867
114399.393
114323.867
114323.867
114323.867
114274.331
114274.331
114274.331
114274.331
114274.331
114274.331
114274.331
114274.331
114274.331
114274.331
114274.331
114274.331
114274.331
114274.331
114274.331
114274.331
114274.331
114274.331
114072.059
114072.059
114072.059
114072.059
114072.059
114056.729
114056.729
114056.729
114056.729
114056.729
114056.729
114056.729
114056.729
114056.729
114056.729
114056.729
114056.729
114056.729
114056.729
114056.729
114056.729
114056.729
114056.729
114056.729
114056.729
114056.729
114056.729
114056.729
114056.729
114056.729
114056.729
114056.729
114056.729
113779.818
114056.729
114056.729
114056.729
114056.729
114056.729
114056.729
114056.729
114056.729
114056.729
114056.729
113690.990
114056.729
114056.729
114056.729
114056.729
114056.729
114056.729
114056.729
114056.729
114056.729
114056.729
114056.729
114056.729
114056.729
114056.729
114056.729
114056.729
114056.729
114053.497
114037.722
113817.503
113817.503
113817.503
113798.496
113765.365
113594.351
113594.351
113336.614
113336.614
113129.237
113129.237
113084.260
112839.068
112839.068
112839.068
112615.915
112272.892
112272.892
112272.892
112272.892
112272.892
112186.165
112186.165
112151.236
112151.236
112151.236
112151.236
112148.315
111915.614
111819.328
111819.328
111813.391
111722.781
111669.271
111582.543
111551.023
111551.023
111545.086
111454.475
111454.475
111454.475
111454.475
111454.475
111422.955
111422.955
111356.559
111356.559
111328.847
111328.847
111200.779
111037.151
110909.083
111037.151
110909.083
110909.083
110909.083
110909.083
110803.676
110803.676
110803.676
110774.936
110774.936
110774.936
110774.936
110635.489
110635.489
110635.489
110479.278
110479.278
110479.278
110418.675
110339.831
110262.463
110262.463
110262.463
110123.016
110123.016
110123.016
110123.016
110123.016
110123.016
110123.016
110123.016
110123.016
110123.016
110084.880
110084.880
110084.880
110084.880
110084.880
110084.880
110084.880
110084.880
110084.880
110084.880
110084.880
110084.880
110084.880
110084.880
110084.880
110084.880
110084.880
110084.880
110084.880
110084.880
110084.880
110084.880
110084.880
110084.880
110084.880
110084.880
110084.880
110084.880
109908.030
109908.030
109908.030
109908.030
109908.030
109908.030
109908.030
109908.030
109908.030
109908.030
109908.030
109908.030
109908.030
109908.030
109908.030
109908.030
109908.030
109908.030
109908.030
109908.030
109908.030
109908.030
109908.030
109908.030
109908.030
109908.030
109815.249
109802.883
109802.883
109802.883
109802.883
109802.883
109802.883
109802.883
109802.883
109802.883
109802.883
109802.883
109802.883
109802.883
109802.883
109802.883
109802.883
109802.883
109802.883
109802.883
109802.883
109785.435
109802.883
109771.899
109771.899
109771.899
109771.899
109771.899
109771.899
109771.899
109771.899
109634.323
109634.323
109634.323
109593.468
109593.468
109593.468
109593.468
109557.820
109557.820
109522.940
109522.940
109522.940
109522.940
109522.940
109522.940
109420.244
109384.014
109384.014
109384.014
109313.486
109313.486
109284.341
109284.341
108929.208
108929.208
108929.208
108736.705
108858.680
108858.680
108829.535
108620.081
108620.081
108620.081
108549.041
108549.041
108441.227
108402.551
108402.551
108282.793
108282.793
108282.793
108282.793
108220.778
108220.778
108169.076
107900.092
107900.092
107900.092
107865.103
107865.103
107865.103
107809.713
107746.222
107809.713
107809.713
107707.517
107725.585
107725.585
107344.343
107725.585
107725.585
107326.276
107225.463
107288.953
107288.953
107217.244
107217.244
107217.244
107207.395
107207.395
107207.395
107207.395
107207.395
107194.607
107194.607
107194.607
107194.607
107152.870
107131.853
107131.853
106969.800
106969.800
106969.800
106969.800
106823.923
106823.923
106823.923
106823.923
106823.923
106633.874
106633.874
106815.695
106762.361
106815.695
106815.695
106815.695
106815.695
106815.695
106815.695
106815.695
106815.695
106815.695
106815.695
106815.695
106815.695
106815.695
106815.695
106815.695
106815.695
106815.695
106815.695
106815.695
106815.695
106815.695
106815.695
106815.695
106815.695
106815.695
106815.695
106815.695
106794.187
106794.187
106794.187
106794.187
106794.187
106794.187
106794.187
106794.187
106794.187
106794.187
106794.187
106794.187
106794.187
106794.187
106794.187
106794.187
106794.187
106794.187
106794.187
106794.187
106794.187
106794.187
106794.187
106794.187
106794.187
106794.187
106794.187
106794.187
106794.187
106794.187
106794.187
106794.187
106794.187
106794.187
106794.187
106794.187
106794.187
106748.550
106794.187
106794.187
106794.187
106794.187
106794.187
106794.187
106794.187
106794.187
106794.187
106794.187
106794.187
106794.187
106794.187
106794.187
106794.187
106794.187
106794.187
106794.187
106794.187
106794.187
106794.187
106794.187
106794.187
106721.606
106721.606
106721.606
106721.606
106721.606
106481.565
106481.565
106481.565
106481.565
106481.565
106347.457
106107.416
106291.820
106291.820
106206.227
106206.227
106206.227
106219.239
106160.315
106160.315
106160.315
106160.315
106150.949
106147.304
106147.304
106147.304
106147.304
106147.304
105990.209
105990.209
105990.209
105990.209
105990.209
105990.209
105990.209
105990.209
105990.209
105990.209
105990.209
105990.209
105990.209
105978.165
105978.165
105978.165
105978.165
105978.165
105978.165
105978.165
105978.165
105978.165
105978.165
105978.165
105978.165
105978.165
105978.165
105978.165
105978.165
105978.165
105978.165
105978.165
105978.165
105978.165
105978.165
105978.165
105978.165
105978.165
105978.165
105978.165
105874.885
105874.885
105874.885
105874.885
105874.885
105624.813
105624.813
105542.402
105515.295
105416.362
105416.362
105515.295
105434.510
105434.510
105416.362
105133.093
105133.093
105133.093
105133.093
105133.093
105133.093
105133.093
105085.455
105085.455
105085.455
105085.455
105085.455
105085.455
105085.455
105085.455
105085.455
105085.455
105085.455
105085.455
105085.455
105085.455
105085.455
105085.455
105085.455
105085.455
105085.455
105085.455
105085.455
105085.455
105085.455
105085.455
105085.455
104899.318
104899.318
104899.318
104899.318
105085.455
105085.455
105085.455
105085.455
105085.455
104836.641
104836.641
104836.641
104836.641
104836.641
104836.641
104836.641
104836.641
104836.641
104819.028
104751.218
104768.832
104768.832
104751.218
104751.218
104615.531
104615.531
104683.341
104751.218
104615.531
104615.531
104615.531
104615.531
104603.769
104615.531
104615.531
104615.531
104615.531
104615.531
104615.531
104615.531
104615.531
104615.531
104615.531
104615.531
104615.531
104615.531
104615.531
104615.531
cycle
174021.926
171919.230
172799.272
172454.796
172454.796
171984.661
172454.796
171148.681
170614.489
170614.489
171333.190
169283.279
170835.928
168608.729
168608.729
168608.729
168608.729
166639.264
165835.909
165835.909
165835.909
165428.831
165428.831
164755.926
165488.820
164789.553
164965.135
162171.081
162171.081
162171.081
161997.500
161888.529
160450.083
161203.596
159776.476
160092.495
160092.495
159552.816
158838.470
158838.470
157458.833
157458.833
156899.452
156899.452
153834.278
153834.278
153834.278
153834.278
152965.542
152965.542
151348.965
151348.965
151348.965
151348.965
151348.965
151348.965
150993.599
150993.599
150993.599
150334.739
150334.739
150334.739
150334.739
150334.739
150334.739
150241.799
150167.267
149424.561
149424.561
149357.751
149424.561
149408.027
149408.027
149551.388
149531.853
149551.388
149551.388
149551.388
149127.440
149127.440
149127.440
149127.440
148736.752
148619.822
148619.822
148619.822
148453.441
148453.441
148319.773
148319.773
147909.902
147909.902
147192.479
147192.479
147192.479
147192.479
147192.479
147094.781
147094.781
146127.915
145946.035
146127.915
146127.915
146127.915
146127.915
145969.547
145695.619
145695.619
145639.727
145639.727
145639.727
145639.727
145846.011
145846.011
145846.011
145530.063
145530.063
145530.063
145530.063
145348.398
145462.929
145129.296
145129.296
145129.296
144874.314
144993.334
144993.334
144947.631
144947.631
144846.561
144846.561
144846.561
144846.561
144846.561
144846.561
144846.561
144846.561
144846.561
144846.561
144846.561
144846.561
144846.561
144846.561
144796.798
144846.561
144846.561
144846.561
144680.441
144680.441
144680.441
144680.441
144385.657
144680.441
144680.441
144545.050
144545.050
144545.050
144545.050
144545.050
144545.050
144545.050
144545.050
144545.050
144545.050
144545.050
143978.852
143978.852
143978.852
143978.852
143978.852
143978.852
143749.766
143749.766
143749.766
143749.766
143741.183
143683.603
143683.603
143683.603
143593.668
143227.326
143227.326
142979.142
142979.142
142979.142
142732.306
142732.306
142732.306
142732.306
142732.306
142732.306
142732.306
142732.306
142674.908
142674.908
142732.306
142732.306
142732.306
142732.306
142732.306
142732.306
142626.111
142626.111
142626.111
142626.111
142480.051
142480.051
142325.761
142458.205
142311.512
142331.945
142169.445
142143.606
142064.268
142064.268
141895.344
141836.496
141836.496
141614.672
141614.672
141566.737
141417.028
141417.028
141417.028
141452.733
141388.197
141351.943
141388.197
141388.197
141452.733
141452.733
141452.733
141452.733
141452.733
141452.733
141451.284
141451.284
141451.284
141451.284
141089.361
141089.361
141389.543
141389.543
141270.964
141270.964
140901.309
140901.309
140888.451
140703.108
140703.108
140703.108
140703.108
140511.031
140511.031
140511.031
140511.031
140511.031
140511.031
140511.031
140312.829
140312.829
140312.829
140312.829
140312.829
140312.829
140312.829
140312.829
139979.880
140187.554
140187.554
140187.554
140187.554
140134.285
140051.151
139803.536
139436.327
139017.405
139436.327
139436.327
139436.327
139351.952
139340.754
139340.754
139276.489
139176.914
139101.486
139101.486
138972.241
138773.966
139035.324
138792.014
138792.014
138842.285
138842.285
138842.285
138841.340
138841.340
138509.634
138509.634
138509.634
138418.786
138418.786
138418.786
138418.786
138418.786
138418.786
138418.786
138418.786
138418.786
138418.786
138418.786
138418.786
138418.786
138418.786
138418.786
138418.786
138418.786
138418.786
138418.786
138418.786
138418.786
138418.786
138418.786
138418.786
138418.786
138418.786
138342.412
138418.786
138295.068
138295.068
138295.068
138295.068
138295.068
138118.761
137231.492
137231.492
137374.918
137374.918
137374.918
137268.808
137215.693
137215.693
137215.693
137215.693
137215.693
137215.693
137215.693
137215.693
137201.473
137201.473
137201.473
137201.473
137201.473
136800.656
136800.656
136800.656
136800.656
136800.656
136800.656
136790.075
136715.941
136715.941
136715.941
136715.941
136715.941
136423.986
136423.986
136423.986
136423.986
136423.986
136423.986
136423.986
136423.986
136423.986
136423.986
136423.986
136423.986
136423.986
136423.986
136423.986
136377.260
136377.260
136065.436
136065.436
136065.436
135422.463
135422.463
135780.298
135780.298
135645.507
135645.507
135545.124
135511.371
135511.371
135511.371
135511.371
135511.371
135354.419
135354.419
135511.371
135511.371
135511.371
135511.371
135511.371
135511.371
135511.371
135511.371
135511.371
135511.371
135511.371
135511.371
135511.371
135511.371
135511.371
135511.371
135133.076
135133.076
135133.076
135133.076
135133.076
135133.076
135133.076
135133.076
135133.076
135133.076
135067.844
135067.844
135045.715
135048.841
135048.841
135010.049
135010.049
134955.569
134955.569
134852.531
134852.531
134852.531
134852.531
134778.492
134694.595
134694.595
134694.595
134694.595
134694.595
134597.441
134597.441
134597.441
134597.441
134597.441
134597.441
134597.441
134597.441
134522.641
134522.641
134471.589
134471.589
134471.589
134471.589
134471.589
134471.589
134143.700
134364.704
134364.704
134364.704
134364.704
134357.522
134357.522
134357.522
134357.522
134357.522
134357.522
134357.522
134193.164
134193.164
134077.166
134077.166
134077.166
134077.166
134077.166
134077.166
133931.070
133931.070
133931.070
133931.070
133931.070
133931.070
133931.070
133777.823
133777.823
133777.823
133777.823
133777.823
133777.823
133600.588
133600.588
133600.588
132887.977
132887.977
132887.977
132887.977
132887.977
132542.177
132542.177
132346.830
132346.830
132346.830
132346.830
132346.830
132346.830
132346.830
132276.341
131581.459
131617.404
131617.404
131617.404
131617.404
131617.404
131617.404
131617.404
131617.404
131617.404
131583.376
131583.376
131161.066
130867.597
130867.597
130833.882
130250.276
130250.276
130250.276
130250.276
130250.276
130182.753
130182.753
130182.753
130099.903
130099.903
130099.903
130099.903
130099.903
129982.879
129982.879
129982.879
129982.879
129982.879
129917.753
129917.753
129916.114
129916.114
129916.114
129916.114
129916.114
129916.114
129916.114
129493.575
129493.575
129493.575
129261.062
129261.062
129261.062
128819.721
128819.721
128819.721
128539.920
128539.920
128539.920
128539.920
128539.920
128539.920
128539.920
128539.920
128539.920
128499.462
128499.462
128499.462
128499.462
128499.462
128499.462
128499.462
128499.462
128499.462
128499.462
128499.462
128322.775
128322.775
128322.775
128322.775
128322.775
128163.755
128163.755
128163.755
127978.342
127996.009
127864.973
127864.973
127864.973
127642.245
127642.245
127642.245
127642.245
127558.137
127543.098
127558.137
127558.137
127557.555
127495.678
127495.678
127495.678
127495.678
127495.678
126912.365
126912.365
126912.365
126912.365
126911.784
126912.365
126912.365
126901.596
126802.293
126802.293
126801.502
126801.502
126801.502
126642.307
126642.307
126642.307
126642.307
126596.477
126596.477
126596.477
126549.846
126331.523
126331.523
126126.498
126126.498
126126.498
126126.498
126126.498
126057.018
126126.498
126126.498
126108.897
125999.738
125999.738
125213.703
125213.703
125213.703
125213.703
125213.703
125213.703
125086.943
125086.943
125086.943
125086.943
125086.943
125086.943
125086.943
125086.943
125084.458
125086.943
124996.419
124996.419
124996.419
124996.419
124996.419
124982.691
124982.691
124982.691
124982.691
124982.691
124982.691
124982.691
124779.505
124779.505
124779.505
124779.505
124088.841
124679.050
124679.050
124551.624
124679.050
124507.367
124205.520
124205.520
124055.932
124055.932
124055.932
123755.824
123755.824
123753.094
123753.094
123753.094
123753.094
123753.094
123359.261
123359.261
123359.261
123359.261
123359.261
123359.261
123359.261
123359.261
123244.664
123244.664
123244.664
123244.664
123244.664
123244.664
123244.664
123244.664
123113.805
123113.805
123113.805
123113.805
123113.805
123113.805
123111.011
123111.011
123111.011
123111.011
123113.805
123113.805
123113.805
123113.805
123113.805
123113.805
123113.805
123113.805
123113.805
123113.805
123113.805
123113.805
123113.805
123113.805
123113.805
123113.805
123113.805
123113.805
123113.805
123070.078
123070.078
123070.078
123070.078
123070.078
123070.078
122964.126
122964.126
122964.126
122964.126
122964.126
122581.483
122759.732
122665.135
122665.135
122759.732
122658.407
122592.236
122592.236
122592.236
122592.236
122639.648
122639.648
122538.323
122538.323
122538.323
122538.323
122538.323
122538.323
122538.323
122414.111
122414.111
122414.111
122414.111
122414.111
122372.924
122372.924
122372.924
122337.631
122337.631
122337.631
122337.631
122337.631
122052.572
122337.631
122288.003
122288.003
122288.003
122288.003
122288.003
122264.258
122288.003
122288.003
122288.003
122288.003
122288.003
122288.003
122288.003
122288.003
122288.003
122288.003
122230.862
122230.862
122230.862
122230.862
122231.683
122231.683
122116.948
122116.948
122116.948
122116.948
122116.948
122116.948
122109.672
121998.801
121998.801
121998.801
121998.801
121487.178
121706.471
121706.471
121612.552
121530.889
121390.432
121412.758
121452.553
121452.553
121452.553
121356.502
121356.502
121292.125
121223.793
121223.793
121223.793
121134.806
121071.211
121071.211
121071.211
121071.211
121071.211
121071.211
121071.211
121071.211
121071.211
121071.211
121071.211
121071.211
121071.211
121071.211
121071.211
121071.211
121071.211
121071.211
121023.880
121023.880
121023.880
121023.880
121023.880
120898.830
120898.830
120898.830
120898.830
120898.830
120898.830
120898.830
120898.830
120898.830
120898.830
120898.830
120898.830
120593.170
120898.830
120898.830
120898.830
120758.961
120758.961
120758.961
120758.961
120758.961
120758.961
120747.664
120713.316
120713.316
120673.240
120673.240
120673.240
120673.240
120673.240
120574.350
120574.350
120574.350
120568.843
120568.843
120568.843
120568.843
120568.843
120568.843
120568.843
120568.843
120568.843
120568.843
120568.843
120568.843
120568.843
120568.843
120450.771
120450.771
120450.771
120412.132
120412.132
120412.132
120412.132
120412.132
120291.490
120291.490
120291.490
120291.490
120291.490
120291.490
120224.450
120211.843
120224.450
120224.450
120224.450
120184.582
120184.582
120184.582
120184.582
120184.582
120184.582
120184.582
120184.582
120184.582
120184.582
120184.582
120184.582
120184.582
120184.582
120184.582
120145.197
120145.197
120145.197
120145.197
120145.197
120145.197
119978.059
119978.059
119978.059
119978.059
119978.059
119978.059
119912.852
119912.852
119912.852
119912.852
119912.852
119912.852
119912.852
119840.787
119840.787
119840.787
119840.787
119840.787
119840.787
119840.787
119840.787
119840.787
119840.787
119840.787
119840.787
119840.787
119840.787
119840.787
119840.787
119840.787
119840.787
119554.356
119554.356
119554.356
119554.356
119520.529
119514.533
119514.533
119542.379
119542.379
119542.379
119447.011
119447.011
119447.011
119447.011
119447.011
119447.011
119447.011
119447.011
119030.148
119447.011
119447.011
119447.011
119447.011
119447.011
119447.011
order
171206.341
171372.185
170884.501
170001.584
169052.836
168396.516
168761.738
167236.596
167236.596
165818.936
166081.732
166081.732
164658.817
164652.960
164464.240
164349.414
163383.913
163253.177
163377.786
163963.631
163961.891
162288.720
162288.720
162288.720
162098.244
160654.175
163518.103
163646.382
159971.968
159971.968
160332.201
160148.717
159942.086
159935.526
160398.212
160416.983
159364.197
159364.197
159364.197
158826.605
158826.605
158684.373
159728.677
160514.734
159913.627
159957.745
159147.516
159212.288
158163.853
158751.858
158751.858
158600.565
159109.401
157038.768
158085.323
158085.323
158085.323
157655.309
156630.687
156630.687
156414.482
155770.929
155043.401
155995.372
155483.934
155483.934
155483.934
154985.917
154985.917
154198.083
153276.735
153376.976
152617.529
153075.470
153044.052
152569.829
153853.957
153463.942
152358.861
152017.838
152066.427
152314.731
152437.738
152073.552
150764.786
152366.434
151326.362
150035.896
150035.896
150035.896
150034.247
148803.210
148803.210
150769.134
150997.709
150670.043
150022.632
149738.979
149212.390
149745.753
148602.661
148218.437
148042.479
147648.451
147238.396
148128.373
147909.644
147499.484
147574.245
147110.507
146815.357
147436.211
146718.025
146827.545
146771.773
145279.019
145023.092
144770.585
144455.587
144455.587
144455.587
144015.959
144455.587
144455.587
143463.853
143463.853
143725.500
142738.266
141386.026
141386.026
141797.722
141797.722
141839.206
142475.058
142453.189
141580.166
141580.166
140832.260
140182.891
140182.891
140872.852
140872.852
141220.195
140561.691
140020.755
140418.469
140418.469
139318.122
139425.876
139425.876
139623.881
139623.881
139648.359
139922.043
139133.935
138930.262
138930.262
139274.729
139036.692
137682.677
137550.405
134981.146
137084.337
135960.387
135807.401
136155.051
135328.334
135163.624
135163.624
135134.121
135134.121
135052.161
134645.798
134125.801
134125.801
133583.667
133583.667
132789.880
132815.567
132815.567
132113.333
133063.082
132417.167
132234.450
131944.315
131810.694
131138.584
130408.905
130062.695
130062.695
130062.695
130410.606
130030.671
129865.482
130030.671
129958.325
129662.901
128920.198
128920.198
129143.334
128471.450
128899.283
128977.428
127416.829
127416.829
127953.744
127568.858
127568.858
127568.858
127523.776
127113.513
124942.183
126025.432
125830.024
125911.976
125911.976
125958.519
125881.866
125214.368
125214.368
125214.368
125725.615
125615.451
125076.364
125851.530
125376.589
124773.568
125163.647
124931.378
124931.378
125075.850
124647.600
123262.626
123262.626
124058.420
124510.354
123357.849
123357.849
122583.498
124034.012
123914.369
124281.240
123909.186
123426.191
121579.171
122831.982
122382.071
122240.502
122877.361
121132.327
121905.411
121675.813
121675.813
121675.813
121675.813
121893.522
122080.958
122253.429
122594.940
122391.944
122205.640
121994.493
122508.986
122120.401
121105.400
121734.282
121734.282
121485.173
121700.771
121679.380
121761.853
122035.947
122177.698
120172.282
120172.282
120172.282
120879.098
120835.758
121649.851
122100.405
121617.610
121201.419
121201.419
121313.941
121104.208
121779.105
121169.764
121063.420
121308.856
120107.140
120107.140
120059.894
120059.894
120568.975
120310.733
120854.632
119194.514
120263.635
120001.558
119957.165
119651.237
119825.225
119808.117
119115.657
119812.321
119556.631
119152.258
119152.258
118109.052
118109.052
118109.052
117989.583
117979.806
117849.954
117563.963
117849.954
117749.297
117134.497
116229.098
117022.712
117037.079
117357.767
116831.884
116831.884
116831.884
116947.769
116767.500
116550.837
115717.659
115398.855
115398.855
116295.956
114960.416
115746.675
115843.745
115667.673
115635.783
115401.161
114773.677
114773.677
114005.547
114005.547
114364.356
114364.356
114499.030
114130.841
113815.981
113406.759
114185.259
114343.887
113306.552
113675.711
113404.129
113404.129
113404.129
111961.783
112265.765
112912.909
113022.439
113179.169
112683.763
112447.999
112886.294
113200.047
113032.371
112729.964
112968.835
112106.492
112366.263
112968.835
112343.839
112338.855
112680.751
112238.484
112427.421
112269.186
112269.186
112083.666
112316.536
112316.536
112316.536
111958.954
111843.067
111354.181
112514.045
112699.637
112006.820
112040.973
112485.721
112126.299
112534.576
112533.173
111927.481
111927.481
112639.725
112607.871
111490.624
112020.597
111153.316
111153.316
110932.169
111858.726
111858.726
110700.391
111563.183
111030.926
110370.238
110601.473
110865.726
111155.093
111289.716
111289.716
111271.140
109983.638
111859.384
111539.148
111539.148
111539.148
111539.148
111908.161
111725.466
111931.070
111101.064
111101.064
110719.501
110882.168
111197.022
111746.481
111546.255
112338.644
111907.862
111914.574
110841.154
110841.154
111722.959
111858.963
111377.107
111095.805
110604.360
112621.111
112305.849
112307.532
111444.184
111372.159
111005.787
110944.618
111002.343
109427.666
110659.188
110704.653
110704.653
110505.824
109985.888
109982.313
110472.748
110043.035
109976.108
109648.640
109478.023
110081.865
108994.806
108994.806
110241.776
109608.330
109452.896
109452.896
109452.896
109452.896
109475.411
109196.241
109215.737
109170.183
108841.563
108841.563
109497.066
108930.462
109475.731
109098.211
108809.483
108958.276
108080.202
108322.535
108828.955
108167.306
107283.460
107283.460
108549.956
107827.288
107993.877
107895.718
108084.903
107574.066
107669.740
107409.478
107669.740
107165.683
107341.845
108040.978
107850.089
107925.190
107968.964
107296.376
107173.983
106875.585
106875.585
107439.680
107544.379
106126.378
107317.389
106200.515
106775.267
106276.282
106276.282
105929.262
105656.875
105769.182
106113.689
106058.976
105419.748
105883.766
105409.128
105587.821
105941.647
105881.736
105027.810
104278.422
104278.422
103817.815
104781.097
105534.463
105740.724
106028.449
105546.646
105799.427
105687.753
105823.891
105429.851
106091.770
105664.923
105439.795
104818.619
104818.619
105237.268
104709.630
104709.630
104709.630
103991.420
104537.822
104140.846
104140.846
105038.175
104441.532
104174.793
104425.194
104931.097
104957.408
104068.395
104362.996
104190.556
103826.538
104582.349
104450.812
104322.395
103436.402
103436.402
103424.033
103424.033
103424.033
103424.033
103588.591
103112.254
103349.893
102925.699
103349.893
102628.253
102628.253
102742.918
103460.924
103552.240
103192.355
103241.916
103528.488
102224.403
102680.167
102605.677
102605.677
102015.209
101366.244
101190.200
102047.849
102047.849
102016.726
101535.237
101534.466
101203.712
101527.174
100952.997
101328.552
101651.956
101698.120
101755.412
101385.046
101180.541
100928.532
101333.024
99895.6963
100903.296
100819.189
101127.442
100845.965
101048.387
101048.387
101465.935
101299.577
100471.810
101028.064
101028.064
100955.125
100811.447
101715.200
100977.195
100646.836
101356.367
100046.045
100785.868
100590.421
100977.574
100653.609
100977.574
101140.640
101112.990
101462.167
101126.984
101523.101
101596.375
101363.404
101954.830
101615.702
101599.933
101661.654
100771.334
101417.433
101369.618
101815.821
101514.409
101604.340
101913.438
102036.333
102018.374
102018.374
101932.616
101596.295
101810.148
102098.481
102098.481
102060.274
101465.536
102085.389
102426.266
102992.842
102841.607
101544.396
102758.548
102728.713
102728.713
102728.713
101389.995
100606.139
101513.883
102028.291
101199.743
101199.743
101199.743
101199.743
101199.743
101199.743
101078.291
100894.187
100840.657
100410.982
100433.081
99613.2838
99613.2838
99279.6434
99176.2593
100123.099
100375.074
100243.066
99570.3293
100856.103
100220.164
100593.519
100681.972
100992.896
100603.358
101422.209
101341.151
100715.896
100715.896
100715.896
100478.103
101653.335
101944.172
102083.279
101921.541
101568.323
101237.850
102118.855
102286.556
102215.040
102215.040
102206.864
101835.075
101624.292
101624.292
101720.430
101720.430
101629.229
101595.500
101642.334
101583.784
101949.384
101949.384
102033.127
101759.925
101525.706
100765.720
100875.499
100875.499
101914.155
101914.155
101377.844
101859.306
101523.641
101401.107
101066.095
100027.275
100027.275
99277.5428
100605.322
100209.320
100605.322
99880.6776
99699.6133
101270.785
100131.671
100249.065
100249.065
100292.669
100092.233
100228.727
99444.9642
99444.9642
100566.385
99634.6791
100013.370
99571.8913
100358.875
100358.875
99196.4993
99857.6870
100193.165
100316.251
99794.2682
100542.003
100368.850
100368.850
100368.850
100313.287
100368.850
99837.0560
99837.0560
99837.0560
99837.0560
100418.550
100418.550
100348.899
100986.573
100742.031
100540.072
100937.406
100581.646
100330.292
100330.292
100330.292
100581.557
100303.965
99996.4447
99996.4447
100416.017
100857.716
100988.235
100804.100
100084.375
100062.675
100754.247
100671.065
101134.738
99494.6117
100609.824
99831.1866
99831.1866
99831.1866
98438.0907
98968.9949
99806.1366
99806.1366
99806.1366
100702.902
100449.862
100382.834
100592.296
99815.0499
99355.5208
99701.2375
99576.9110
99510.2947
99576.9110
100336.711
100022.934
99038.3099
99038.3099
98907.2165
100145.230
99960.5078
99920.2868
99489.5770
99489.5770
99911.1940
99515.2339
99844.0001
99734.0744
100065.059
100025.972
100178.580
100105.760
99748.2399
99854.7392
99854.7392
99849.6268
99364.4680
100127.611
100166.420
100166.420
100126.478
100675.987
100675.987
100912.209
101138.237
100615.133
100615.133
100615.133
100611.987
100642.965
100862.363
100862.363
100733.218
100733.218
100955.029
101277.158
101378.773
101644.386
101621.076
100915.467
100130.030
100902.093
100902.093
100902.093
100968.618
100968.618
100968.618
100968.618
101469.325
100969.150
101099.169
101124.259
100973.074
101040.532
101040.532
100294.087
101021.999
100422.847
100652.645
100477.995
101167.831
100922.791
100922.791
101005.078
101463.786
101197.321
101482.622
101482.622
101495.733
101305.820
101518.898
101469.003
101469.003
101469.003
101777.299
100995.383
101777.299
101298.170
101298.170
101695.275
101389.456
101994.015
101659.134
101880.651
102132.673
101892.927
102018.798
101812.463
101812.463
101937.258
102316.115
102316.115
102454.208
101936.635
102527.445
102553.968
102553.968
102827.611
103123.712
103117.166
103117.166
102308.421
102049.369
102049.369
102253.588
102348.032
102181.128
102181.128
101975.904
102181.128
101779.342
101779.342
101779.342
100701.534
100701.534
100908.999
102199.374
102199.374
102226.739
101785.518
102070.730
102870.590
102523.202
102137.326
101839.541
102555.849
102555.849
100884.454
102217.526
102456.416
101700.904
102319.098
101796.717
102251.833
102307.264
102770.349
102765.336
101370.283
101878.206
102083.620
101885.164
101911.435
102009.600
100695.683
100394.478
101203.030
101203.030
101566.400
100933.668
100933.668
100933.668
100933.668
100774.205
100933.668
100268.480
99773.7262
99773.7262
100269.283
99912.6921
99912.6921
100037.725
99935.0941
100201.988
99332.5827
99528.5040
99528.5040
100225.939
100006.461
99465.5666
100006.461
100679.210
100728.009
100100.795
99720.0960
100583.051
100623.700
precedence
174170.192
173862.797
174170.192
173368.869
169571.342
172974.979
173230.021
172391.576
173580.579
172570.264
174190.623
174284.739
174300.632
174250.771
174265.380
174271.197
175067.410
174123.062
172836.163
172040.193
170658.536
170658.536
170658.536
174952.169
172711.694
174364.640
175032.706
172758.247
172758.247
171954.425
172758.247
172758.247
174785.832
173397.181
173070.866
172851.238
172851.238
171726.672
172851.238
172851.238
172851.238
172851.238
172851.238
173928.711
174175.054
170959.332
170959.332
172938.027
173169.013
172775.603
172708.882
172708.882
172708.882
172128.792
170816.884
170816.884
172771.803
170426.197
170426.197
169567.842
169567.842
169313.705
169313.705
170247.204
169342.240
169679.554
169742.673
170839.046
170370.719
166538.847
169202.114
169202.114
169291.389
169291.389
169291.389
169953.551
169953.551
170993.321
168788.844
169534.209
168424.952
170837.069
170147.555
170147.555
170147.555
170201.351
170825.509
171043.533
170133.636
170133.636
170133.636
169863.219
169909.579
169909.579
171001.711
169887.690
169887.690
171653.635
170137.098
168891.721
168891.721
168891.721
168891.721
169962.353
171332.185
169327.126
169327.126
169327.126
171072.716
170490.823
168731.349
168731.349
168420.631
167063.995
167063.995
168218.994
168522.316
167827.145
167827.145
167827.145
169411.723
169411.723
169411.723
170113.350
170113.350
170749.726
170158.993
170819.988
169983.407
168433.698
170081.173
168683.037
168683.037
170132.018
169566.574
168917.128
168917.128
168917.128
168791.096
168446.322
168959.455
168959.455
168533.900
167105.708
169501.738
169618.346
167799.211
169038.262
167432.614
167591.466
167798.268
167798.268
166800.502
166800.502
166800.502
166800.502
166800.502
166800.502
166834.709
166834.709
166834.709
164773.922
164773.922
168584.517
168461.290
168461.290
166879.587
168461.290
168461.290
169599.250
169733.739
170584.088
169600.300
169600.300
166901.827
166901.827
166901.827
166901.827
166901.827
167595.101
169668.182
169668.182
169838.694
167736.029
167736.029
169838.694
170080.713
170080.713
168151.127
168157.415
168157.415
170169.332
169750.639
167847.834
167257.214
167257.214
166795.583
166795.583
169761.098
169774.383
168887.576
169230.809
169254.234
169254.234
168439.503
167460.846
168439.503
168439.503
168439.503
168439.503
168439.503
168736.236
168788.111
168788.111
168788.111
170189.495
171119.493
168913.670
169090.393
169558.608
168497.866
167395.461
167863.283
170141.614
168216.494
169314.496
169536.093
169016.973
168998.172
168046.690
167120.123
168014.690
168014.690
167289.067
165270.489
168031.577
166992.128
166992.128
168090.898
169178.435
169127.663
168685.926
168685.926
168685.926
168685.926
167776.734
168897.668
169555.099
167820.654
169475.370
169475.370
169298.859
169298.859
169298.859
167849.167
167849.167
168824.740
168515.659
168057.439
167079.095
166496.887
166232.898
165586.387
165586.387
166595.578
164985.417
164985.417
163755.014
163755.014
164823.558
164626.546
164626.546
165799.011
166720.635
165897.317
165897.317
165556.684
164111.200
164111.200
164111.200
164111.200
164306.200
164306.200
164414.124
164563.268
164117.000
164117.000
163782.380
163782.380
164567.157
164010.606
161592.760
161592.760
161937.615
161937.615
162364.732
164069.121
162959.927
161519.518
162664.302
161639.856
162107.822
162107.822
162878.372
162600.160
162600.160
162348.311
162024.777
161171.474
161121.462
161492.306
160757.101
160475.139
160325.286
160325.286
159628.314
159628.314
159782.035
162153.681
160422.808
161171.356
161771.075
160128.925
160128.925
160128.925
160661.562
160661.562
161120.304
161004.345
159100.041
158841.368
158841.368
158841.368
158256.736
158346.703
157149.702
157149.702
158851.586
157958.561
157664.058
157664.058
157022.463
157022.463
157451.059
157451.059
157568.963
157568.963
157898.981
157713.626
158263.596
158263.596
157731.567
157389.133
157389.133
156878.922
156878.922
156277.831
156277.831
155657.952
156650.044
155879.992
155322.248
156370.099
155358.090
154975.550
154975.550
154133.996
153301.202
153301.202
153790.782
152747.470
152322.123
153002.701
152788.221
152322.043
152360.327
151524.854
151524.854
151524.854
151228.427
151228.427
150433.442
150433.442
149647.163
148992.212
148992.212
148992.212
148854.010
148854.010
148547.621
148547.621
147611.179
147611.179
147256.248
147256.248
147256.248
147239.005
147239.005
146751.641
146778.435
146423.620
146423.620
145987.760
145537.757
145274.202
145274.202
145258.623
144920.996
144771.263
144676.461
144788.770
144420.729
144724.312
144536.295
144454.737
144488.843
144436.002
144202.080
144089.788
144058.639
143973.385
143969.783
143954.651
143861.289
143848.044
143807.765
143807.765
143786.903
143755.117
143750.116
143746.105
143724.129
143724.129
143724.129
143690.108
143690.108
143681.108
143681.108
143668.742
143668.742
143668.742
143673.055
143667.283
143667.283
143667.283
143667.283
143032.902
143032.902
143469.762
143379.433
143379.433
143513.174
143563.892
143287.060
143667.283
143667.283
143667.283
143667.283
143667.283
143667.283
143667.283
143667.283
143667.283
143667.283
143667.283
143667.283
143667.283
143544.310
143655.733
143667.283
143667.283
143667.283
143667.283
143667.283
143667.283
143383.787
143667.283
143667.283
143667.283
143493.405
143493.405
143493.405
143493.405
143667.283
143655.565
143667.283
143667.283
143667.283
143604.871
142973.426
143531.732
143531.732
143478.790
143660.707
143660.707
143498.964
143667.283
143667.283
143667.283
143667.283
143561.487
143667.283
143667.283
143667.283
143492.057
143667.283
143667.283
143404.320
143667.283
143667.283
143667.283
143667.283
143667.283
143667.283
143667.283
143667.283
143667.283
143667.283
143667.283
143667.283
143667.283
143667.283
143599.707
143599.707
143667.283
143588.241
143667.283
143667.283
143667.283
143667.283
143667.283
143667.283
143667.283
143667.283
143667.283
143667.283
143667.283
143667.283
143667.283
143606.045
143611.586
143667.283
143667.283
143667.283
143667.283
143667.283
143667.283
143667.283
143667.283
143667.283
143532.061
143532.061
143297.556
143667.283
143528.311
143528.311
143528.311
143667.283
143667.283
143667.283
143667.283
143648.534
143667.283
143667.283
143226.909
143226.909
143667.283
143667.283
143667.283
143288.830
143667.283
143360.263
143667.283
143667.283
143667.283
143667.283
143667.283
143667.283
143495.563
143666.014
143650.636
143667.283
143666.063
143667.283
143667.283
143288.735
143667.283
143565.944
143667.283
143667.283
143667.283
143667.283
143667.283
143667.283
143667.283
143667.283
143647.671
143667.283
143667.283
143667.283
143667.283
143332.259
143667.283
143301.933
143667.283
143667.283
143667.283
143595.211
143667.283
143667.283
143461.620
143335.367
143335.367
143406.208
143406.208
143406.208
143406.208
143667.283
143647.181
143403.380
143403.380
143052.865
142944.326
142944.326
142944.326
142725.525
142411.313
142411.313
142411.313
142302.886
142248.994
142248.994
142248.994
142248.994
142190.980
141932.230
142190.980
142190.980
142190.980
142190.980
142190.980
142190.980
142190.980
142190.980
142190.980
142113.899
142170.885
142190.980
142190.980
142190.980
142190.980
142190.980
142091.496
142091.496
142190.980
142190.980
142190.980
142185.292
142190.980
142190.980
142190.980
142190.980
142170.640
141892.275
141892.275
141892.275
142048.357
142148.700
142139.404
142139.404
142139.404
142099.459
142099.459
142099.459
142099.459
142099.459
142099.459
142099.459
142099.459
142099.459
142099.459
142099.459
142099.459
142099.459
142099.459
142099.459
142099.459
142099.459
142099.459
142099.459
142099.459
142099.459
142099.459
141343.723
141343.723
141343.723
141665.092
142099.459
142099.459
142085.471
142099.459
142099.459
142099.459
142099.459
142099.459
142099.459
142099.459
142099.459
142099.459
142099.459
142099.459
142099.459
142099.459
142095.506
142099.459
142099.459
142099.459
142099.459
142099.459
142099.459
142060.104
142099.459
142099.459
142099.459
142099.459
142099.459
142099.459
142099.459
142026.944
142099.459
142099.459
142099.459
142099.459
142099.459
142099.459
142099.459
142099.459
142099.459
142099.459
142099.459
142099.459
142099.459
142099.459
142099.459
141861.499
142099.459
142099.459
142080.503
142099.459
142099.459
142099.459
142099.459
142099.459
142099.459
142099.459
142099.459
142099.459
142099.459
142035.658
142099.459
142099.459
142099.459
142099.459
142099.459
142099.459
142048.985
142048.985
142043.860
142077.937
142099.459
142099.459
142099.459
142099.459
142099.459
142099.459
142099.459
142099.459
141816.777
141816.777
141875.748
141656.752
140974.304
140974.304
141198.491
141089.269
140883.392
140948.927
140821.196
140787.922
140505.494
140505.494
140810.671
139946.799
140804.129
140804.129
140804.129
140804.129
140804.129
140804.129
140804.129
140804.129
140804.129
140804.129
140804.129
140804.129
140775.045
140804.129
140535.853
140535.853
140535.853
140804.129
140804.129
140754.483
140763.271
140804.129
140804.129
140804.129
140582.323
140804.129
140804.129
140804.129
140804.129
140804.129
140804.129
140804.129
140783.497
140756.701
140756.701
140756.701
140500.890
140500.890
140500.890
140804.129
140804.129
140646.252
140646.252
140804.129
140804.129
140804.129
140804.129
140542.602
140804.129
140804.129
140804.129
140804.129
140804.129
140804.129
140804.129
140804.129
140804.129
140804.129
140804.129
140804.129
140804.129
140804.129
140804.129
140804.129
140804.129
140756.891
140756.891
140756.891
140804.129
140617.615
140804.129
140629.342
140804.129
140804.129
140804.129
140804.129
140804.129
140804.129
140804.129
140804.129
140804.129
140804.129
140804.129
140610.946
140804.129
140804.129
140804.129
140804.129
140804.129
140804.129
140804.129
140804.129
140804.129
140804.129
140778.506
140804.129
140804.129
140804.129
140804.129
140804.129
140804.129
140804.129
140804.129
140686.919
140804.129
140804.129
140599.033
140599.033
140599.033
140599.033
140804.129
140504.121
140796.504
140804.129
140804.129
140804.129
140804.129
140802.260
140804.129
140804.129
140804.129
140804.129
140804.129
140617.922
140617.922
140787.682
140804.129
140804.129
140804.129
140804.129
140804.129
140804.129
140804.129
140804.129
140804.129
140804.129
140794.396
140794.396
140804.129
140804.129
140804.129
140804.129
140804.129
140804.129
140804.129
140804.129
140804.129
140804.129
140804.129
140778.654
140778.654
140804.129
140804.129
140804.129
140804.129
140804.129
140770.993
140770.993
140804.129
140801.272
140768.496
140804.129
140804.129
140804.129
140803.215
140553.550
140314.234
140076.486
140076.486
140059.292
139797.712
139666.852
139666.852
139260.837
139291.721
139260.837
139260.837
139260.837
139290.477
139291.721
139260.837
138723.558
138723.558
139260.837
139260.837
139260.837
139260.837
139260.837
139260.837
139260.837
139196.302
139260.837
139260.837
138951.865
139260.837
139260.837
139260.837
139260.837
139260.837
139260.837
139088.454
139260.837
139260.837
139260.837
139214.765
139260.837
139260.837
gox
32450.3882
27286.4851
26058.5359
23513.2377
22850.8239
22653.5844
21863.3200
21627.7628
20846.3907
21221.8133
20729.5558
20443.1781
20235.0497
20109.9723
19665.6619
19960.9081
18841.7332
18841.7332
19501.7757
19501.7757
19806.0087
19638.3537
19638.3537
19824.6478
19592.2555
19663.2233
19724.8161
19847.5011
19847.5011
19611.4130
19689.6245
19349.1501
19813.5237
18793.7409
18793.7409
19403.7342
19403.7342
19197.2969
19204.3547
19204.3547
19204.3547
19204.3547
18747.0296
19251.2302
19546.2661
19020.7058
19020.7058
19043.2447
19368.7173
19232.2633
19368.7173
19176.9221
19176.9221
18886.9265
19120.7633
19010.1733
18972.2181
19284.5050
19284.5050
19004.8514
19004.8514
19004.8514
18594.5692
19004.8514
19122.5437
19344.6284
19434.2683
19675.0112
19027.8389
18948.4885
18935.9189
18935.9189
19414.5891
19210.1147
19054.7092
18784.9826
18784.9826
18534.4167
18765.9492
19286.6879
18792.4395
19286.6879
18891.2925
18891.2925
18891.2925
18830.7727
19059.4797
19059.4797
19162.9788
19162.9788
19162.9788
19162.9788
19114.4171
19114.4171
18744.2025
18744.2025
18744.2025
19126.4407
19307.5801
19307.5801
19307.5801
18776.6898
18776.6898
19468.2827
19423.6934
19423.6934
19423.6934
19423.6934
19721.0953
19906.6901
19760.4319
19000.1614
19000.1614
19000.1614
19000.1614
19820.8847
19404.3432
19404.3432
19291.2151
19270.5357
19291.2151
19413.0159
18688.5628
19080.4608
18757.4501
18757.4501
18859.1174
18979.0637
18979.0637
19004.9564
18806.6362
19010.1428
19058.4012
19316.9508
18964.9557
18784.4915
18784.4915
18784.4915
18784.4915
18986.0668
18976.3714
18976.3714
18976.3714
19184.1901
19123.9914
19062.4150
19105.7333
19468.0526
19709.9765
19166.9309
19514.0648
19339.9312
19339.9312
19032.4270
19032.4270
18986.4811
18986.4811
18986.4811
19776.1529
18946.2626
19159.1298
19159.1298
18903.5707
19208.5226
19359.4065
19359.4065
19132.8599
19242.6279
19242.6279
19370.0497
19730.5687
19766.2816
19401.1539
19401.1539
19245.9647
19157.9271
19157.9271
19157.9271
19157.9271
19125.4481
18969.4355
18969.4355
19125.4481
19264.2192
19264.2192
19143.3080
18868.6679
18868.6679
18868.6679
19240.4746
19035.6423
18958.3603
18786.2223
18786.2223
18725.9320
18725.9320
18606.1857
18606.1857
19269.9302
19174.6871
19099.1467
18605.0833
18605.0833
18640.2360
18640.2360
18640.2360
19061.4310
19048.9523
18871.4929
18871.4929
18414.8247
18414.8247
18495.1265
18591.4596
18591.4596
19158.0873
19001.3057
19225.5568
19540.3681
19286.7415
19286.7415
19103.6814
18983.4588
19109.3912
19463.5446
18878.2005
19199.5831
18870.6925
18870.6925
18870.6925
18870.6925
18717.2267
18717.2267
18717.2267
18965.5614
18706.0537
18706.0537
18706.0537
18639.3891
19092.4825
19092.4825
18930.2579
18930.2579
18930.2579
18930.2579
19383.4483
19624.7465
19009.1795
19009.1795
19482.5374
19419.9251
19341.9657
19341.9657
19341.9657
19044.4369
19044.4369
18890.4399
18890.4399
18807.4101
18807.4101
18807.4101
18850.4966
18850.4966
19036.4876
19193.9149
19193.9149
19193.9149
19481.3680
19128.4038
19017.5737
19119.7790
19119.7790
19433.7768
19545.9783
19564.0074
19468.7097
19468.7097
19398.8227
19306.1594
19070.0859
19070.0859
19287.1033
19274.1001
19217.2106
19353.6805
18928.5325
18928.5325
19353.6805
19353.6805
19490.0064
19232.6532
19067.3605
19067.3605
19609.2480
19609.2480
19503.9110
19066.6829
19066.6829
19520.5351
19689.9273
19511.7745
19357.4665
19305.0331
19374.5585
19151.6106
19151.6106
19139.2706
19130.4451
19139.2706
18876.9337
19184.6999
19417.0114
19530.0573
19064.7698
19064.7698
19064.7698
19064.7698
19206.5731
19620.9591
19620.9591
19294.2868
19106.4548
19230.4002
19169.3422
18796.4486
18994.3876
18786.5899
19394.4404
19602.3793
19720.4307
19260.7367
19260.7367
19199.0438
19260.7367
18687.1667
18687.1667
18687.1667
19097.4966
19097.4966
19211.9120
19000.3654
18721.4783
18721.4783
19054.2681
19054.2681
19209.7082
19602.4244
18322.0321
19440.8458
19539.6187
19059.2374
19609.3290
19171.8818
19016.5804
18704.8332
18704.8332
18653.3279
18653.3279
18807.6120
19307.4824
19287.5152
19360.0205
19233.6717
19117.8056
18828.3328
18828.3328
18828.3328
18857.6527
18857.6527
19506.7140
19784.7247
18864.0210
19368.9093
19549.3951
19402.3321
19260.9954
18702.5007
18702.5007
18702.5007
19295.4170
18754.4343
18754.4343
18754.4343
18754.4343
18939.2908
18765.2415
18765.2415
18939.2908
18939.2908
19106.7443
19437.5048
18810.3056
18810.3056
18810.3056
19181.1496
19181.1496
19144.9988
19144.9988
19403.8831
18914.4158
18608.8822
18608.8822
18633.7848
18803.7248
18884.1069
18390.1421
19026.3949
18981.3060
18981.3060
19060.2323
19457.6924
19394.2143
19426.4158
18888.1821
18888.1821
19392.9606
18633.1063
19018.8709
19018.8709
19297.7845
19236.7673
18997.9225
18997.9225
19205.8824
19259.9371
19220.4266
18587.2243
18702.3028
18893.6148
19228.6208
19172.8663
19351.5156
19386.1797
19103.4557
18917.9351
18917.9351
18955.5801
18955.5801
18722.6969
18722.6969
18722.6969
19053.8374
18900.4237
18900.4237
18615.0378
18783.2684
18885.1195
18885.1195
19159.4512
19082.2404
19082.2404
19115.5748
19115.5748
19334.8348
19142.7872
19262.2963
19402.3097
19402.3097
19383.5606
19225.6387
18862.9309
19080.5840
18979.4143
18938.7937
18875.1737
18734.7792
18734.7792
18693.9669
18693.9669
18861.6356
19012.0505
19128.0651
18943.5823
19128.0651
19128.0651
18901.4704
19256.1737
18929.4807
19166.4790
18896.2855
18896.2855
18838.5865
18811.0183
18811.0183
18811.0183
19007.8675
19007.8675
18910.6468
19075.0924
19063.9043
19185.4786
19185.4786
19206.6876
19165.5704
19064.9364
19346.8356
19235.6198
18993.6416
18933.2087
18992.3421
18992.3421
18740.5547
18931.8596
19457.8971
18997.8128
18997.8128
19334.8205
19542.7740
19542.7740
19514.4348
19486.8471
19351.1697
19351.1697
19403.2855
19170.1846
19272.8297
19105.1655
19066.7209
19066.7209
19318.7213
19467.0604
19255.0121
19255.0121
19255.0121
19588.7697
19150.2708
19150.2708
19504.0372
19355.7063
19355.7063
19022.6523
18821.2020
19597.1770
19084.3089
19084.3089
18936.5062
18936.5062
19196.2975
19196.2975
19047.5609
19047.5609
18949.5537
18791.6415
18791.6415
18761.3362
19038.9821
19025.4772
18998.5691
18774.9257
18774.9257
18774.9257
18774.9257
19226.4500
18937.3503
18937.3503
18803.8755
18803.8755
19012.2267
18477.2095
18477.2095
19026.4241
19026.4241
19026.4241
18968.2136
19134.0094
18603.7025
18603.7025
18935.8444
18711.0865
18711.0865
18935.8444
19272.6393
18964.2564
18790.8572
18790.8572
19122.5234
18755.3773
18970.0316
19034.8249
19065.2061
19065.2061
18350.4670
18350.4670
18731.1363
18731.1363
18731.1363
18956.0837
19113.1652
18920.6974
18711.5846
18711.5846
18711.5846
19106.6523
19385.2154
18731.5673
18731.5673
19269.8490
19100.7401
18821.2980
18821.2980
18821.2980
19659.6474
19101.5506
19373.3832
19321.0021
19616.5314
18845.3655
19213.7005
19446.2561
19446.2561
19446.2561
19036.2836
18971.6715
19164.3589
19164.3589
19545.2732
18872.9491
18998.3923
18983.2380
18983.2380
18983.2380
19311.9090
19135.7313
19668.3455
19440.6020
19440.6020
19214.0221
19214.0221
19214.0221
19427.0731
19123.9986
18724.3357
18724.3357
18927.6801
18984.7566
18984.7566
19858.2997
18938.3868
18900.4284
18900.4284
18900.4284
19724.6878
19073.3867
19073.3867
18943.1082
18943.1082
18303.8091
19489.0059
19504.5046
19413.4827
19312.4815
19452.7239
18537.1746
18537.1746
19462.4553
19173.3508
18734.8653
19014.9187
19478.0323
19003.8954
18820.9903
19003.8954
19003.8954
19177.3247
19177.3247
19177.3247
19395.1286
19693.2966
19148.2656
19019.5702
18962.5911
19019.5702
19238.1779
19238.1779
19487.2419
19383.3659
19335.9290
19701.8660
19103.3914
19103.3914
18934.8717
18708.3356
18787.8744
19333.0317
19396.8906
19403.2678
18808.3987
18909.4328
18930.1616
18930.1616
18678.5254
19078.7076
18297.8458
19244.3962
19244.3962
18831.2831
18831.2831
19515.2094
19374.3874
18768.4890
18768.4890
19010.9212
18888.9005
18888.9005
18888.9005
18885.9664
18813.0756
18575.8895
18555.1325
18555.1325
18726.8843
18850.1263
18850.1263
18944.3540
18674.0143
18674.0143
18658.0227
18658.0227
18658.0227
19258.9693
19151.6628
19151.6628
19151.6628
19151.6628
18895.3682
18895.3682
19152.4952
19438.6286
19167.3333
19282.7298
19228.2231
18901.3300
19289.8338
19364.5911
19458.8733
19458.8733
19518.9916
19518.9916
18940.2002
19003.4277
18746.6139
18746.6139
19180.3887
18924.1030
19160.5751
19579.2736
19119.9520
18851.1794
18851.1794
19623.1286
19041.3859
19041.3859
18766.9482
19002.7310
19150.7156
18735.8136
19149.3225
19313.7721
19212.1090
19126.5067
19126.5067
19212.1090
19212.1090
19191.5142
19349.4625
19003.5508
19003.5508
19220.3091
18665.4318
19387.8071
19000.1733
19000.1733
18610.6989
18610.6989
19168.2345
19097.5313
18610.5380
18874.3473
18874.3473
17988.7178
19051.8885
19029.8457
19029.8457
19051.8885
19051.8885
18910.3164
18875.0255
18837.9680
18837.9680
18447.5893
18447.5893
19119.2536
19119.2536
18917.2883
18873.7437
19127.0021
18858.2387
18858.2387
19051.9042
18993.6118
18886.0893
18822.7837
19212.3048
19208.8845
19112.3957
19082.3246
18988.0504
19082.3246
19082.3246
19082.3246
18500.0033
18500.0033
18850.9622
18703.6530
18907.7742
18885.0182
18885.0182
19113.0544
18759.2684
19587.4279
19458.4764
19496.6386
19097.2677
18987.4166
18987.4166
19512.4175
19411.2908
19411.2908
19014.8841
18585.0602
18585.0602
18421.0996
18678.8285
18678.8285
18834.7239
18834.7239
19079.7136
19079.7136
19079.7136
19266.0760
19120.5296
19174.8443
18917.6815
18899.9255
18872.7328
18872.7328
19454.0895
19560.1173
19132.3058
19132.3058
19132.3058
19507.5058
19108.9088
19108.9088
19077.0007
18961.5475
18857.6191
18857.6191
18857.6191
18857.6191
18857.6191
18986.9347
18986.9347
19372.6295
18895.2394
18895.2394
19122.4600
19285.8365
19415.6989
19415.6989
19291.5250
18647.9223
18899.4185
18899.4185
19367.9351
18939.6647
18838.3562
19313.7851
19156.8155
19067.6921
18740.6864
18664.3770
18664.3770
18664.3770
18795.9337
18748.8640
19089.1393
18855.4493
18963.8905
18963.8905
18963.8905
19142.9209
19014.1998
19014.1998
19098.0779
18385.1121
18440.4011
18743.3308
18743.3308
18721.3469
18721.3469
18721.3469
18721.3469
19265.6405
19128.5182
19063.4558
18787.4561
18787.4561
19088.4320
19088.4320
18946.2668
19200.7142
18583.9654
18583.9654
18656.4405
18773.3569
18771.0800
18725.1526
18508.8643
18411.7768
18411.7768
18759.1661
19099.6181
18526.1925
18944.9502
18182.5488
18182.5488
18179.1103
19066.4949
18724.8662
18322.3212
18602.9646
19063.3691
18786.1352
18786.1352
18569.1466
18569.1466
18569.1466
18564.2075
18564.2075
18564.2075
18564.2075
18926.0120
18801.9892
18801.9892
18844.2934
18709.9150
19078.4397
19078.4397
19132.0779
18495.4439
18495.4439
18178.8382
18178.8382
18157.8712
18397.8711
18397.8711
18397.8711
18397.8711
18357.5522
18357.5522
18357.5522
18508.7016
18508.7016
18508.7016
18508.7016
18508.7016
18507.1767
18535.4901
18840.0010
18840.0010
18759.9704
18633.9178
19153.9280
19196.8813
19196.8813
19231.8595
18443.1080
19072.6857
19332.3503
18916.9937
18595.6475
18595.6475
18895.8105
19199.0785
19010.3794
18732.1491
18720.5505
18720.5505
18732.1491
19163.2465
19163.2465
19163.2465
19163.2465
19631.3369
19485.0313
19301.5230
19375.2509
19328.0130
18894.1955
