A-n44-k6.vrp
1080.67693
1235.55306
962.467967
1234.05469
1112.22972
1120.86936
1193.91919
1126.06238
1129.92088
1082.63037
A-n63-k9.vrp
2292.71719
2306.09099
2347.76893
1977.57106
2238.08063
2289.16715
2203.25552
2275.80157
2041.04495
2204.34341
A-n60-k9.vrp
2124.11242
1757.42379
1924.62643
1895.44256
1726.63436
2025.62689
2007.92710
1798.72748
1769.43966
2000.21773
A-n80-k10.vrp
2593.29575
2807.11536
2729.97182
2823.39086
2485.72896
2867.62099
2613.92762
2960.70710
2772.70043
2549.86281
A-n65-k9.vrp
2221.35594
1881.79701
2030.42131
2222.61810
1988.59086
2070.28623
2156.32797
2311.56016
2203.46335
1967.72490
A-n64-k9.vrp
1868.60414
1970.64561
1881.49775
1883.77221
1697.25528
1833.57532
2076.59267
1736.62890
2088.65367
2031.06895
A-n37-k6.vrp
1020.26981
1171.87114
1012.80803
1051.22574
872.417511
841.380283
1015.46973
835.738227
979.474588
939.080564
A-n39-k5.vrp
910.512955
915.288944
1000.43275
967.370668
881.459154
881.522096
1042.14070
899.540015
828.915282
904.768175
A-n32-k5.vrp
822.776660
759.333959
997.024683
912.486929
979.034834
947.415214
830.364081
913.433567
881.518198
983.655934
A-n61-k9.vrp
1606.27544
1747.26679
1458.35358
1819.98649
1613.30936
1626.13550
1565.55619
1689.16952
1772.81450
1698.79230
A-n33-k6.vrp
669.307498
724.459362
616.380514
633.053748
620.144641
690.506970
628.321657
701.673134
700.790503
587.746882
A-n48-k7.vrp
1375.26664
1412.28212
1342.38620
1325.29613
1337.73791
1384.37751
1343.30084
1471.59928
1292.56122
1477.24177
A-n45-k6.vrp
1325.43340
1452.81293
1513.26264
1514.90569
1325.45072
1402.58162
1492.52109
1334.13573
1583.21363
1338.07040
A-n63-k10.vrp
1827.25853
1865.92425
1826.53556
1710.46738
2088.86514
1875.65893
1786.88293
2021.43937
2029.09244
1826.45476
A-n37-k5.vrp
768.075263
840.462260
887.657074
842.917775
886.978803
1044.91402
802.246565
773.413737
904.697398
825.737862
A-n38-k5.vrp
899.070859
774.160438
1001.75620
921.525828
820.635249
964.131675
892.146712
940.085938
848.842845
889.144840
A-n45-k7.vrp
1183.53899
1180.36866
1129.34590
1277.61878
1126.76465
1119.42413
1267.39539
1213.67262
1210.21462
1190.73917
A-n62-k8.vrp
1930.74282
2182.28957
1750.01032
1999.11849
1918.68867
1978.56101
1887.45168
2008.78283
1844.55127
2139.56095
A-n54-k7.vrp
1756.10262
1823.45681
1712.93995
1714.67277
1814.90601
1731.26211
1712.04790
1587.10786
1581.79284
1719.77359
A-n34-k5.vrp
773.706940
825.222381
560.481566
630.494166
765.466851
827.718315
786.324002
672.719459
808.000581
763.463186
A-n46-k7.vrp
1201.62998
1385.16302
1561.71687
1368.43668
1330.53396
1238.59957
1192.37528
1240.00321
1314.86798
1237.45619
A-n69-k9.vrp
2253.37068
2329.61602
2078.56144
2240.04481
2286.89963
2199.42244
1929.71573
2332.57145
2092.28207
2255.63838
A-n36-k5.vrp
830.360583
746.999249
717.097254
838.638398
894.302201
759.748353
701.940132
806.191285
707.017289
620.593236
A-n39-k6.vrp
929.164090
1058.37068
1007.93755
1036.09464
1037.47215
1063.71681
1103.94020
924.450021
891.704540
782.256490
A-n53-k7.vrp
1336.26144
1591.37853
1660.97211
1596.42423
1568.49976
1596.97999
1345.49721
1491.29097
1431.38897
1598.23846
A-n33-k5.vrp
733.626896
558.960360
632.912429
728.941542
701.906845
645.325476
685.585909
636.046137
624.532019
681.739028
A-n55-k9.vrp
1541.04263
1533.52406
1774.54143
1532.74099
1659.23888
1639.08107
1644.20922
1495.16059
1700.02082
1496.14623
