A-n44-k6.vrp
542.876777
588.167629
592.088533
536.605643
564.032803
577.878677
566.444763
515.584378
506.021638
556.508514
A-n63-k9.vrp
1100.00742
1086.55324
1080.06890
1095.67567
1082.17503
1104.76218
1143.83635
1067.16763
1074.62606
1042.26115
A-n60-k9.vrp
857.452550
859.502469
832.236704
862.587281
842.933465
859.620601
838.643307
861.410366
832.391266
821.103947
A-n80-k10.vrp
1185.90551
1154.45661
1148.72819
1190.89851
1209.48641
1151.80482
1105.69433
1195.64997
1107.85746
1096.95844
A-n65-k9.vrp
861.331902
823.706699
849.561385
816.888066
842.835763
823.707870
834.113105
818.299727
850.332720
767.011162
A-n64-k9.vrp
805.021261
907.848829
877.406075
859.882506
829.746400
885.765982
847.164784
886.257036
868.468860
910.189687
A-n37-k6.vrp
586.650035
577.720706
611.729958
569.660343
586.650035
582.623154
628.039526
621.891748
612.108417
589.605263
A-n39-k5.vrp
488.434726
519.230481
485.206808
507.603284
495.142114
475.970711
454.734533
479.832242
464.114075
454.734533
A-n32-k5.vrp
502.040356
543.044255
512.743146
512.618680
528.817147
546.416052
518.101909
514.876180
536.954089
519.357559
A-n61-k9.vrp
690.879702
695.045662
700.155723
679.509038
688.941855
666.328548
700.902038
693.169822
735.814948
687.403519
A-n33-k6.vrp
460.517337
453.294342
409.290880
427.004337
434.071597
415.305425
415.305425
410.365523
424.356973
468.329807
A-n48-k7.vrp
690.289152
706.402879
714.794319
760.390326
695.164931
701.491393
706.537788
714.486073
711.233153
698.348800
A-n45-k6.vrp
700.230028
644.069194
653.398259
644.595001
638.893836
684.279766
629.620400
646.829891
681.394862
668.135710
A-n63-k10.vrp
894.078592
827.511342
912.276822
796.690280
878.960355
866.403349
870.513520
887.617857
840.054267
874.973130
A-n37-k5.vrp
496.198134
521.438556
473.696519
471.437809
523.814720
498.541873
511.319330
503.878593
473.538236
499.656186
A-n38-k5.vrp
424.302165
436.609300
418.429099
405.538325
410.806904
445.838958
424.302165
484.221874
438.546890
410.062821
A-n45-k7.vrp
653.108345
688.286380
681.754542
684.853393
624.989942
688.433477
645.782106
701.184028
690.793435
696.664143
A-n62-k8.vrp
827.700149
847.030555
805.354986
856.783507
789.811510
827.062148
763.318247
828.592107
818.460916
860.280767
A-n54-k7.vrp
741.451338
752.596167
789.179795
730.570191
745.556290
750.375711
745.803272
841.480706
784.845899
763.227039
A-n34-k5.vrp
427.176179
467.594622
446.635428
463.219558
445.663553
440.636162
422.202261
424.407022
404.496430
408.448257
A-n46-k7.vrp
652.661846
648.091722
649.850333
629.747614
586.895189
662.308409
652.070449
633.251511
643.174341
629.851656
A-n69-k9.vrp
852.908309
791.027851
841.445279
815.243567
813.925862
871.577515
813.777738
824.120019
792.319798
786.315238
A-n36-k5.vrp
439.628769
448.372742
447.828636
444.519341
448.667134
422.547828
471.719487
422.935918
453.283218
465.248953
A-n39-k6.vrp
532.361198
485.591877
481.283756
521.599325
511.939888
496.431943
491.148493
500.297487
492.876409
491.148493
A-n53-k7.vrp
679.476917
679.841321
663.730128
641.116718
670.952158
662.431333
643.282126
684.202725
658.673366
606.553483
A-n33-k5.vrp
352.167159
399.883289
400.857796
388.371991
395.427101
395.427101
399.883289
387.356720
378.028859
399.328602
A-n55-k9.vrp
713.658502
717.930834
697.347625
726.215929
709.078007
732.972219
679.502152
735.642889
677.037205
676.791848
