A-n44-k6.vrp
1013.67763
1151.92901
1113.30933
1185.86750
1192.37238
1168.46583
1130.74046
1020.52901
1174.61729
1053.62455
A-n63-k9.vrp
2068.83368
2043.36311
2110.98216
1917.22231
2007.26906
1915.24058
2046.55349
2154.89356
2085.95061
2048.46384
A-n60-k9.vrp
1841.29428
1954.50512
1848.88094
1712.30302
1775.43163
1810.94158
1826.24555
1793.15019
1893.17766
1897.68008
A-n80-k10.vrp
2648.39717
2464.83704
2417.93027
2713.42509
2618.01502
2614.95675
2462.66214
2409.73573
2624.59078
2408.00688
A-n65-k9.vrp
2038.87722
1858.94010
1717.19207
1628.57130
1911.55703
1964.34935
1873.62922
1672.70816
1809.62584
1728.19763
A-n64-k9.vrp
1726.08931
1919.32767
1861.07253
1823.72104
1618.53990
1721.71087
1808.20028
1802.22782
1799.22690
1802.16077
A-n37-k6.vrp
808.754247
800.144575
872.338566
1044.99582
879.197637
995.779190
949.110737
923.115347
882.383104
905.112890
A-n39-k5.vrp
1078.69600
993.185262
1005.14211
941.593226
995.383094
937.654308
969.636308
1037.21275
1045.95743
1014.69864
A-n32-k5.vrp
784.470777
661.586068
783.193448
758.085330
777.238092
773.833051
851.943437
712.704912
754.129540
778.689279
A-n61-k9.vrp
1439.72408
1477.71525
1490.29828
1487.39106
1563.61951
1521.32586
1489.83780
1523.61458
1566.28383
1461.08868
A-n33-k6.vrp
701.651855
523.213464
704.906500
578.273808
728.472195
609.184179
586.598596
655.367788
677.940698
678.386401
A-n48-k7.vrp
1358.90530
1202.48726
1318.44107
1309.21445
1243.09163
1247.95049
1192.46633
1417.03225
1223.28212
1277.60318
A-n45-k6.vrp
1193.29141
1197.05696
1168.09732
1171.91853
1062.68822
1128.40432
1129.06081
1234.20575
1144.25015
1256.55323
A-n63-k10.vrp
1801.22905
1836.73417
1862.73857
1889.08133
1684.75845
1714.92823
1908.84733
1793.58091
1781.62907
1726.52787
A-n37-k5.vrp
842.971482
749.983808
767.227835
862.140009
850.780254
792.222296
759.866126
869.848445
827.355786
796.954647
A-n38-k5.vrp
845.947523
1053.24535
941.425393
918.065611
911.871756
828.386981
820.653977
898.493976
922.214369
862.354155
A-n45-k7.vrp
1259.06369
989.954790
1151.64236
1078.78060
1086.48128
1143.70427
1027.56840
1081.21804
1010.00880
1072.39436
A-n62-k8.vrp
1983.69757
1881.49009
1832.86993
1844.92033
1853.67676
1810.64792
1777.71559
1824.56293
1901.81687
1849.41357
A-n54-k7.vrp
1576.00306
1467.57244
1467.47704
1544.96428
1627.59568
1402.61980
1273.53391
1628.92366
1508.96414
1508.69109
A-n34-k5.vrp
721.746809
767.299861
877.728777
790.870612
715.021465
814.460675
909.775661
734.351884
852.675933
820.835380
A-n46-k7.vrp
1132.38670
1030.37111
1131.87752
1112.76209
1136.76375
1022.34945
1169.45206
1043.09262
1147.46007
1014.59067
A-n69-k9.vrp
1964.36098
2010.94443
2011.63794
2126.26398
1944.94120
2103.65239
1795.04570
1917.26348
1876.65940
2082.37705
A-n36-k5.vrp
757.141438
855.569846
846.376653
875.880140
774.347955
805.211886
785.537182
867.462504
828.720998
719.389385
A-n39-k6.vrp
923.527616
1061.56763
941.598341
1059.88702
869.701805
946.806462
1012.92485
982.281482
935.216571
964.187422
A-n53-k7.vrp
1423.56599
1303.32508
1189.36581
1342.24082
1524.67400
1391.94617
1369.98544
1442.77234
1340.01027
1447.72355
A-n33-k5.vrp
617.250905
712.584104
591.277012
532.906003
651.711630
592.027852
608.681478
543.967987
661.335958
631.628940
A-n55-k9.vrp
1467.43242
1486.82407
1454.01316
1408.10817
1434.49235
1617.19162
1407.24315
1352.82587
1400.89898
1536.89851
