A-n44-k6.vrp
1131.62061
1053.26628
967.879117
949.457765
1073.63169
1016.74819
961.806944
1172.09480
822.394599
1021.71591
A-n63-k9.vrp
1892.87131
1891.38530
1858.00392
1936.53661
2053.10964
1695.56037
1714.98064
2039.04862
1622.53439
2040.01361
A-n60-k9.vrp
1698.10505
1722.05714
1510.34078
1858.20408
1648.50288
1581.12351
1652.98585
1568.91937
1569.00763
1531.14456
A-n80-k10.vrp
2686.00080
2533.90298
2220.67267
2970.33837
2529.88679
2736.77538
2461.30097
2634.62063
2574.78959
2201.08875
A-n65-k9.vrp
1719.88422
1728.67594
1842.75719
1617.70491
1664.30762
1950.32384
1740.11566
1710.52712
1839.86909
1610.86688
A-n64-k9.vrp
1627.74375
1754.04373
1804.36191
1858.49850
1815.60808
1673.73846
1817.99097
1852.66856
1665.24485
1651.35299
A-n37-k6.vrp
899.139515
832.693377
743.200610
782.679964
674.176905
907.690131
761.185301
745.279893
758.169335
999.975621
A-n39-k5.vrp
766.187560
765.923525
778.447919
700.308150
747.153377
714.452870
677.180521
732.330965
903.615862
706.713805
A-n32-k5.vrp
812.090262
697.619484
746.201821
699.737648
732.612062
755.643519
740.106453
664.515200
825.274709
757.285295
A-n61-k9.vrp
1573.45150
1270.94961
1509.96725
1481.89389
1367.62952
1399.83353
1363.11656
1345.33117
1365.05629
1529.58857
A-n33-k6.vrp
568.472427
435.301957
540.565233
552.923056
638.271678
510.558452
464.494677
479.717400
643.035386
662.600441
A-n48-k7.vrp
1199.06107
1082.65613
1270.13124
981.920125
1116.50198
1296.36254
1241.78171
1261.47309
1014.84787
1087.00265
A-n45-k6.vrp
1370.55674
1298.21410
1442.45419
1115.74275
1058.06199
1259.57104
1248.93415
1251.00036
1143.39418
1254.87242
A-n63-k10.vrp
1587.95788
1913.62293
1598.46132
1427.49505
1626.70750
1611.77164
1721.42205
1635.51680
1700.98932
1616.01932
A-n37-k5.vrp
764.553345
670.218374
741.856776
920.046919
804.551019
846.247016
733.300676
821.077318
608.510631
638.541954
A-n38-k5.vrp
889.943684
890.928488
768.496247
737.330263
785.114023
808.324691
663.206513
789.515816
896.670023
766.479539
A-n45-k7.vrp
1072.60485
1123.23054
962.794737
1096.49925
995.149086
908.066525
962.150529
1104.71461
1161.21854
1087.32866
A-n62-k8.vrp
1740.48756
1720.41656
1743.98281
1613.73618
1735.29085
1753.96346
1794.67931
1600.55647
1536.64766
1861.54646
A-n54-k7.vrp
1433.49985
1341.54522
1347.92079
1332.38689
1355.28791
1474.80767
1328.06384
1478.25240
1400.89236
1521.07501
A-n34-k5.vrp
691.876696
614.617923
637.548378
672.281027
636.672296
572.505358
619.425265
619.826771
614.486325
530.186804
A-n46-k7.vrp
1102.26714
1114.36640
1196.83124
967.975502
1323.39067
992.221701
1041.08006
1120.46492
1013.47851
1056.98228
A-n69-k9.vrp
1653.76033
1944.34930
1939.03471
1632.30353
1831.57932
1748.39752
1872.89145
1961.22609
1716.80778
2028.32466
A-n36-k5.vrp
762.600163
709.400629
633.055129
688.718263
786.782450
609.555182
566.862495
558.276827
626.526908
680.178850
A-n39-k6.vrp
790.801322
618.763646
887.733640
906.808886
699.555257
673.966653
913.259147
792.891426
831.317211
673.521740
A-n53-k7.vrp
1247.27227
1241.95396
1364.77098
1358.73619
1319.27905
1263.40119
1320.54964
1309.78228
1360.52224
1510.34056
A-n33-k5.vrp
671.498945
511.108546
521.824596
539.509329
640.105511
542.169803
577.879769
578.723333
556.186638
415.097989
A-n55-k9.vrp
1409.60636
1335.73408
1305.41378
1379.17231
1371.72274
1300.59985
1320.36182
1504.61075
1186.83074
1569.51981
