A-n44-k6.vrp
1045.35990
1155.46582
1124.93571
1419.67093
1192.98994
1099.09598
1321.24898
1357.91571
1288.22514
1336.61113
A-n63-k9.vrp
2122.82036
2374.79404
2151.68458
2201.74990
2512.01829
2478.69961
2156.19280
2228.30089
2437.17914
2271.63773
A-n60-k9.vrp
1991.42998
2094.59769
1900.36035
1998.22618
1932.02520
1894.39609
1979.95857
2112.22083
1870.43323
1974.53651
A-n80-k10.vrp
3005.07064
2677.18184
2946.76485
2998.71022
2806.04948
2849.96954
2973.20686
2837.09822
2677.96035
2729.09847
A-n65-k9.vrp
2213.68894
2097.85318
2269.70229
2172.59882
2207.15868
2298.60898
2205.42702
2006.29951
2107.75606
1686.13960
A-n64-k9.vrp
2148.45853
1974.28163
2111.28401
2314.14945
2155.23267
1773.50971
2224.19846
1974.73333
2210.76784
1982.80489
A-n37-k6.vrp
1026.11725
982.038308
1195.09717
1194.76477
856.074338
1070.20072
1069.56408
1073.87444
1167.66147
967.238705
A-n39-k5.vrp
1078.17224
898.581848
1110.53446
871.747570
1039.36154
863.470267
1088.94859
837.269497
800.918656
963.340340
A-n32-k5.vrp
992.961890
970.658062
1005.08240
962.321709
979.288039
837.340394
900.462228
1193.14793
989.482524
1023.57826
A-n61-k9.vrp
1767.05174
1731.43316
1855.72118
1608.63719
1782.96135
1567.81635
1830.16052
1622.58367
1797.69459
1837.44440
A-n33-k6.vrp
799.965956
793.141663
656.529639
860.117521
755.744169
874.484187
743.909072
826.201051
815.135911
805.178471
A-n48-k7.vrp
1371.70119
1440.66365
1475.98429
1363.17832
1413.92181
1384.52121
1326.26017
1580.27100
1328.98663
1349.69178
A-n45-k6.vrp
1429.68121
1768.31300
1343.57967
1156.58608
1555.68816
1507.07853
1354.99866
1503.47297
1461.00531
1532.00809
A-n63-k10.vrp
2095.31036
2072.61213
1892.78137
1858.06319
1873.63186
2226.09040
1903.01064
1964.45511
2163.70588
2044.01873
A-n37-k5.vrp
1055.05911
822.839790
975.971341
1052.28683
813.296982
957.847244
1195.65456
950.134192
1025.32019
921.427637
A-n38-k5.vrp
905.745817
1126.36996
1237.92213
1023.56313
1010.10955
945.649703
976.152631
941.382581
990.120014
1091.91733
A-n45-k7.vrp
1179.06800
1375.56819
1142.52141
1341.08768
1327.47222
1380.27388
1271.85654
1155.59430
1387.48330
1086.25193
A-n62-k8.vrp
2162.91269
1874.06363
2292.18407
2013.78721
2210.62447
2030.40449
2286.45246
2249.86788
1985.97647
1947.02939
A-n54-k7.vrp
1801.17759
1776.32596
1770.19222
1707.41598
1669.98724
1746.83300
1922.67536
1676.91272
1739.87311
1842.63185
A-n34-k5.vrp
910.369201
724.984695
801.773222
854.016446
687.615465
802.924204
866.594556
983.618504
863.629153
906.567178
A-n46-k7.vrp
1203.98477
1456.28484
1299.55568
1192.43705
1291.48390
1410.51446
1363.82247
1286.62002
1441.38812
1359.95226
A-n69-k9.vrp
2117.04511
2388.45066
2188.39727
2325.91558
2141.36975
2049.49179
2402.43897
2148.63455
2441.89587
2230.34998
A-n36-k5.vrp
815.711819
874.745514
791.616362
788.261425
944.564005
845.683904
783.933518
786.304028
777.353930
837.715342
A-n39-k6.vrp
1118.81846
1161.47851
1131.19506
1349.25266
1052.84244
1041.06596
1042.69228
1028.09978
1004.76513
1121.47735
A-n53-k7.vrp
1581.59121
1733.83871
1440.24267
1289.96670
1497.46614
1506.67486
1559.70700
1631.15247
1770.51836
1651.52190
A-n33-k5.vrp
653.500187
839.402006
774.298752
788.723878
908.198919
733.075345
710.939413
780.122983
649.710019
607.660046
A-n55-k9.vrp
1794.54593
1789.82017
1695.74536
1569.03130
1573.22737
1747.60458
1728.59280
1735.63528
1543.25972
1701.19212
