===================
965.360761  31 19 28 21 24 8 3 2 18 30 0 11 6 14 9 7 27 12 16 26 15 29 5 20 22 10 17 23 13 1 25 4 
799.006400  31 27 3 7 21 9 24 6 11 15 0 29 25 12 26 19 4 28 14 8 10 17 5 2 18 30 20 16 13 23 22 1 
656.379366  31 29 25 6 0 28 14 24 9 8 17 3 10 7 21 2 5 15 11 23 13 26 12 16 18 30 20 1 27 4 19 22 
594.470516  31 19 4 24 9 14 28 26 13 23 6 0 11 15 12 16 18 30 20 1 2 5 22 8 17 3 10 7 21 27 29 25 
589.812805  31 7 10 3 27 22 2 1 5 6 0 11 15 29 25 18 16 20 12 30 13 23 26 19 4 24 9 14 28 17 21 8 
561.381780  31 15 11 0 6 25 29 13 23 5 26 22 2 1 12 16 18 30 20 24 9 14 28 8 27 3 10 7 17 19 4 21 
552.194573  31 10 3 27 22 1 2 5 12 0 11 15 29 25 6 20 30 18 16 14 9 24 4 19 26 23 13 7 17 21 8 28 
499.001159  31 17 7 10 3 27 2 1 22 5 12 16 18 30 20 29 25 6 0 11 15 13 23 26 19 4 24 9 14 28 8 21 
541.532833  31 14 9 24 4 19 26 23 13 15 29 25 6 0 11 20 30 18 16 12 5 2 1 22 27 7 17 21 8 28 3 10 
539.903815  31 17 7 27 3 10 1 2 22 5 12 16 18 30 20 25 29 15 11 0 6 23 13 26 19 4 28 14 9 24 21 8 
539.903815  31 17 7 27 3 10 1 2 22 5 12 16 18 30 20 25 29 15 11 0 6 23 13 26 19 4 28 14 9 24 21 8 
531.994307  31 5 1 2 22 27 7 17 21 8 20 16 18 30 15 11 0 6 25 29 13 23 26 19 4 24 9 14 28 12 10 3 
531.994307  31 5 1 2 22 27 7 17 21 8 20 16 18 30 15 11 0 6 25 29 13 23 26 19 4 24 9 14 28 12 10 3 
509.839205  31 17 7 27 3 10 22 2 1 5 12 20 30 18 16 0 11 15 29 25 6 23 13 26 19 4 28 14 9 24 21 8 
547.824024  31 24 9 14 28 4 19 26 13 23 25 29 15 11 0 6 16 18 30 20 12 5 2 1 22 27 7 17 21 8 10 3 
528.022123  31 8 21 17 7 27 22 1 2 5 12 16 18 30 20 11 0 6 25 29 15 13 23 26 19 4 28 14 9 24 10 3 
531.478075  31 12 20 30 18 16 11 0 6 25 29 15 13 23 26 19 4 28 14 9 24 21 8 17 7 27 3 10 22 2 1 5 
543.259611  31 24 9 14 28 4 19 26 13 23 25 29 15 11 0 6 16 18 30 20 12 5 1 2 22 10 3 27 7 17 8 21 
531.030629  31 17 7 27 3 10 22 1 2 5 12 20 30 18 16 11 0 6 25 29 15 13 23 26 19 4 28 14 9 24 21 8 
531.030629  31 17 7 27 3 10 22 1 2 5 12 20 30 18 16 11 0 6 25 29 15 13 23 26 19 4 28 14 9 24 21 8 
529.157425  31 17 7 27 3 10 22 2 1 5 12 20 30 18 16 11 0 6 25 29 15 13 23 26 19 4 28 14 9 24 8 21 
481.104801  31 17 7 27 3 10 22 2 1 5 12 20 30 18 16 0 11 15 29 25 6 26 23 13 14 9 24 4 28 8 21 19 
529.157425  31 17 7 27 3 10 22 2 1 5 12 20 30 18 16 11 0 6 25 29 15 13 23 26 19 4 28 14 9 24 21 8 
534.610634  31 17 7 27 3 10 22 2 1 5 12 20 30 18 16 0 11 15 29 25 6 13 23 26 19 4 28 14 9 24 21 8 
516.457698  31 9 24 4 19 26 23 13 29 25 6 15 11 0 12 20 30 18 16 1 2 22 10 3 27 7 17 21 8 28 14 5 
511.222467  31 17 7 27 3 10 22 2 1 5 12 20 30 18 16 0 11 15 6 25 29 13 23 26 19 4 24 9 14 28 8 21 
540.738033  31 14 9 24 4 19 26 23 13 25 29 15 11 0 6 12 20 30 18 16 1 2 22 27 7 17 21 8 10 3 5 28 
517.239595  31 17 7 27 3 10 22 2 1 16 18 30 20 12 6 0 11 15 29 25 13 23 26 19 4 28 14 9 24 5 8 21 
506.001405  31 30 18 16 6 0 11 15 25 29 13 23 26 19 4 28 14 9 24 5 1 2 22 10 3 27 7 17 21 8 12 20 
523.282121  31 24 9 14 28 4 19 26 23 13 25 29 15 11 0 6 12 20 30 18 16 1 2 22 27 3 10 8 21 17 7 5 
519.482036  31 29 25 15 11 0 6 12 20 30 18 16 1 2 22 27 7 17 21 8 28 14 9 24 4 19 26 23 13 10 3 5 
519.482036  31 29 25 15 11 0 6 12 20 30 18 16 1 2 22 27 7 17 21 8 28 14 9 24 4 19 26 23 13 10 3 5 
458.931384  31 1 2 22 27 3 10 16 18 30 20 12 6 0 11 15 29 25 13 23 26 19 4 24 9 14 28 8 21 17 7 5 
517.106914  31 9 24 4 19 26 23 13 25 29 15 11 0 6 12 20 30 18 16 1 2 22 27 7 17 21 8 10 3 14 28 5 
535.842632  31 26 23 13 25 29 15 11 0 6 12 20 30 18 16 1 2 22 27 7 17 21 8 10 3 14 9 24 4 28 5 19 
508.231936  31 19 4 28 14 26 23 13 25 29 15 11 0 6 12 20 30 18 16 1 2 22 27 7 17 21 8 10 3 5 9 24 
528.817147  31 9 24 4 19 26 23 13 25 29 15 11 0 6 12 20 30 18 16 1 2 22 5 10 3 27 7 17 21 8 28 14 
528.817147  31 9 24 4 19 26 23 13 25 29 15 11 0 6 12 20 30 18 16 1 2 22 5 10 3 27 7 17 21 8 28 14 
528.817147  31 9 24 4 19 26 23 13 25 29 15 11 0 6 12 20 30 18 16 1 2 22 5 10 3 27 7 17 21 8 28 14 
538.035052  31 3 10 8 21 17 7 27 22 2 1 16 18 30 20 12 6 0 11 15 29 25 13 23 26 19 4 24 9 14 28 5 
540.931060  31 28 14 9 24 4 19 26 23 13 25 29 15 11 0 6 12 20 30 18 16 1 2 22 27 7 17 21 8 10 3 5 
533.407133  31 25 29 15 11 0 6 12 20 30 18 16 1 2 22 27 7 17 21 8 10 3 5 26 23 13 24 9 14 28 4 19 
487.563142  31 17 7 27 3 10 22 2 1 5 25 29 15 11 0 6 12 20 30 18 16 26 23 13 14 9 24 4 19 21 8 28 
500.087388  31 25 29 15 11 0 6 12 20 30 18 16 1 2 22 5 13 23 26 19 4 28 14 9 24 21 8 10 3 27 7 17 
500.422254  31 29 25 15 11 0 6 12 20 30 18 16 1 2 22 5 23 13 26 19 4 28 14 9 24 21 8 10 3 27 7 17 
533.407133  31 25 29 15 11 0 6 12 20 30 18 16 1 2 22 27 7 17 21 8 10 3 5 26 23 13 24 9 14 28 4 19 
526.304640  31 16 18 30 20 12 6 0 11 15 25 29 23 13 26 19 4 28 14 9 24 5 1 2 22 27 7 17 21 8 10 3 
547.160177  31 7 17 21 8 10 3 27 22 2 1 16 18 30 20 12 6 0 11 15 29 25 13 23 26 19 4 28 14 9 24 5 
552.620048  31 3 10 8 21 24 9 14 28 4 19 26 23 13 25 29 15 11 0 6 12 20 30 18 16 1 2 22 5 17 7 27 
547.160177  31 7 17 21 8 10 3 27 22 2 1 16 18 30 20 12 6 0 11 15 29 25 13 23 26 19 4 28 14 9 24 5 
552.620048  31 3 10 8 21 24 9 14 28 4 19 26 23 13 25 29 15 11 0 6 12 20 30 18 16 1 2 22 5 17 7 27 
546.881936  31 16 18 30 20 12 6 0 11 15 29 25 13 23 26 19 4 28 14 9 24 21 8 17 7 27 3 10 5 22 2 1 
500.087388  31 25 29 15 11 0 6 12 20 30 18 16 1 2 22 5 13 23 26 19 4 28 14 9 24 21 8 10 3 27 7 17 
534.224453  31 0 11 15 29 25 13 23 26 19 4 28 14 9 24 21 8 17 7 27 3 10 12 6 20 30 18 16 1 2 22 5 
500.087388  31 25 29 15 11 0 6 12 20 30 18 16 1 2 22 5 13 23 26 19 4 28 14 9 24 21 8 10 3 27 7 17 
534.224453  31 0 11 15 29 25 13 23 26 19 4 28 14 9 24 21 8 17 7 27 3 10 12 6 20 30 18 16 1 2 22 5 
546.881936  31 16 18 30 20 12 6 0 11 15 29 25 13 23 26 19 4 28 14 9 24 21 8 17 7 27 3 10 22 2 1 5 
546.881936  31 16 18 30 20 12 6 0 11 15 29 25 13 23 26 19 4 28 14 9 24 21 8 17 7 27 3 10 22 2 1 5 
540.719454  31 15 29 25 11 0 6 12 20 30 18 16 1 2 22 5 13 23 26 19 4 28 14 9 24 21 8 17 7 27 3 10 
493.905539  31 13 23 26 19 4 28 14 9 24 21 8 17 7 27 3 10 25 29 15 11 0 6 12 20 30 18 16 1 2 22 5 
493.905539  31 13 23 26 19 4 28 14 9 24 21 8 17 7 27 3 10 25 29 15 11 0 6 12 20 30 18 16 1 2 22 5 
536.108529  31 24 9 14 28 4 19 26 23 13 25 29 15 11 0 6 12 20 30 18 16 1 2 22 10 3 27 7 17 8 21 5 
546.881936  31 16 18 30 20 12 6 0 11 15 29 25 13 23 26 19 4 28 14 9 24 21 8 17 7 27 3 10 22 2 1 5 
546.881936  31 16 18 30 20 12 6 0 11 15 29 25 13 23 26 19 4 28 14 9 24 21 8 17 7 27 3 10 22 2 1 5 
546.881936  31 16 18 30 20 12 6 0 11 15 29 25 13 23 26 19 4 28 14 9 24 21 8 17 7 27 3 10 5 22 2 1 
527.906145  31 25 29 15 11 0 6 12 20 30 18 16 1 2 22 5 13 23 26 19 4 28 14 9 24 21 8 17 7 27 3 10 
527.906145  31 25 29 15 11 0 6 12 20 30 18 16 1 2 22 5 13 23 26 19 4 28 14 9 24 21 8 17 7 27 3 10 
517.239595  31 17 7 27 3 10 22 2 1 16 18 30 20 12 6 0 11 15 29 25 13 23 26 19 4 28 14 9 24 21 8 5 
517.200447  31 17 7 27 3 10 2 1 16 18 30 20 12 6 0 11 15 29 25 13 23 26 19 4 28 14 9 24 21 8 22 5 
517.200447  31 17 7 27 3 10 2 1 16 18 30 20 12 6 0 11 15 29 25 13 23 26 19 4 28 14 9 24 21 8 22 5 
517.239595  31 17 7 27 3 10 22 2 1 16 18 30 20 12 6 0 11 15 29 25 13 23 26 19 4 28 14 9 24 21 8 5 
540.396992  31 26 23 13 25 29 15 11 0 6 12 20 30 18 16 1 2 22 5 10 3 27 7 17 8 21 24 9 14 28 4 19 
540.396992  31 26 23 13 25 29 15 11 0 6 12 20 30 18 16 1 2 22 5 10 3 27 7 17 8 21 24 9 14 28 4 19 
527.906145  31 25 29 15 11 0 6 12 20 30 18 16 1 2 22 5 13 23 26 19 4 28 14 9 24 21 8 17 7 27 3 10 
540.396992  31 26 23 13 25 29 15 11 0 6 12 20 30 18 16 1 2 22 5 10 3 27 7 17 8 21 24 9 14 28 4 19 
540.396992  31 26 23 13 25 29 15 11 0 6 12 20 30 18 16 1 2 22 5 10 3 27 7 17 8 21 24 9 14 28 4 19 
517.239595  31 17 7 27 3 10 22 2 1 16 18 30 20 12 6 0 11 15 29 25 13 23 26 19 4 28 14 9 24 21 8 5 
517.239595  31 17 7 27 3 10 22 2 1 16 18 30 20 12 6 0 11 15 29 25 13 23 26 19 4 28 14 9 24 21 8 5 
517.239595  31 17 7 27 3 10 22 2 1 16 18 30 20 12 6 0 11 15 29 25 13 23 26 19 4 28 14 9 24 21 8 5 
517.239595  31 17 7 27 3 10 22 2 1 16 18 30 20 12 6 0 11 15 29 25 13 23 26 19 4 28 14 9 24 21 8 5 
536.108529  31 24 9 14 28 4 19 26 23 13 25 29 15 11 0 6 12 20 30 18 16 1 2 22 10 3 27 7 17 8 21 5 
503.521063  31 25 29 15 11 0 6 12 20 30 18 16 1 2 22 27 7 17 8 21 24 9 14 28 4 19 26 23 13 3 10 5 
503.521063  31 25 29 15 11 0 6 12 20 30 18 16 1 2 22 27 7 17 8 21 24 9 14 28 4 19 26 23 13 5 10 3 
503.521063  31 25 29 15 11 0 6 12 20 30 18 16 1 2 22 27 7 17 8 21 24 9 14 28 4 19 26 23 13 5 10 3 
503.521063  31 25 29 15 11 0 6 12 20 30 18 16 1 2 22 27 7 17 8 21 24 9 14 28 4 19 26 23 13 5 10 3 
503.521063  31 25 29 15 11 0 6 12 20 30 18 16 1 2 22 27 7 17 8 21 24 9 14 28 4 19 26 23 13 5 10 3 
517.488405  31 1 2 22 27 7 17 8 21 24 9 14 28 4 19 26 23 13 25 29 15 11 0 6 12 20 30 18 16 5 10 3 
517.239595  31 17 7 27 3 10 22 2 1 16 18 30 20 12 6 0 11 15 29 25 13 23 26 19 4 28 14 9 24 21 8 5 
517.239595  31 17 7 27 3 10 22 2 1 16 18 30 20 12 6 0 11 15 29 25 13 23 26 19 4 28 14 9 24 21 8 5 
503.521063  31 25 29 15 11 0 6 12 20 30 18 16 1 2 22 27 7 17 8 21 24 9 14 28 4 19 26 23 13 5 10 3 
517.488405  31 1 2 22 27 7 17 8 21 24 9 14 28 4 19 26 23 13 25 29 15 11 0 6 12 20 30 18 16 5 10 3 
527.906145  31 25 29 15 11 0 6 12 20 30 18 16 1 2 22 5 13 23 26 19 4 28 14 9 24 21 8 17 7 27 3 10 
517.239595  31 17 7 27 3 10 22 2 1 16 18 30 20 12 6 0 11 15 29 25 13 23 26 19 4 28 14 9 24 21 8 5 
503.521063  31 25 29 15 11 0 6 12 20 30 18 16 1 2 22 27 7 17 8 21 24 9 14 28 4 19 26 23 13 5 3 10 
503.521063  31 25 29 15 11 0 6 12 20 30 18 16 1 2 22 27 7 17 8 21 24 9 14 28 4 19 26 23 13 5 3 10 
517.239595  31 17 7 27 3 10 22 2 1 16 18 30 20 12 6 0 11 15 29 25 13 23 26 19 4 28 14 9 24 21 8 5 
517.488405  31 1 2 22 27 7 17 8 21 24 9 14 28 4 19 26 23 13 25 29 15 11 0 6 12 20 30 18 16 3 10 5 
517.488405  31 1 2 22 27 7 17 8 21 24 9 14 28 4 19 26 23 13 25 29 15 11 0 6 12 20 30 18 16 5 3 10 
517.488405  31 1 2 22 27 7 17 8 21 24 9 14 28 4 19 26 23 13 25 29 15 11 0 6 12 20 30 18 16 5 3 10 
517.743592  31 5 1 2 22 27 7 17 8 21 24 9 14 28 4 19 26 23 13 25 29 15 11 0 6 12 20 30 18 16 10 3 
===================
870.163947  31 5 27 7 8 21 22 23 19 11 30 1 2 12 20 3 10 17 16 6 15 25 29 0 18 13 26 14 28 4 24 9 
800.916220  31 12 25 29 0 11 20 2 1 18 16 30 15 26 13 22 10 3 17 21 8 14 28 4 19 23 6 5 27 7 9 24 
709.536463  31 4 24 9 14 28 19 26 23 13 12 20 30 11 0 6 15 25 29 18 16 22 1 2 21 8 17 10 3 5 27 7 
637.818603  31 15 25 29 23 26 13 11 0 6 12 20 16 18 30 1 2 22 5 17 21 8 28 14 9 24 4 7 27 10 3 19 
613.294074  31 24 9 14 28 4 7 17 21 8 5 22 2 1 30 18 16 20 12 6 0 11 15 25 29 23 13 26 19 3 10 27 
563.346260  31 24 9 14 28 4 19 26 23 13 11 0 6 15 25 29 30 16 18 20 12 5 22 2 1 3 10 27 7 17 8 21 
578.224656  31 11 0 6 12 20 30 16 18 27 7 17 21 8 3 10 1 2 22 5 13 23 26 29 25 15 24 9 14 28 4 19 
522.714818  31 13 23 26 25 29 15 11 0 6 12 20 30 18 16 5 1 2 22 3 10 27 7 17 21 8 14 9 24 19 4 28 
545.697326  31 17 7 27 10 3 22 2 1 5 30 18 16 20 12 6 0 11 15 29 25 13 23 26 19 4 28 14 9 24 8 21 
504.509544  31 17 7 27 10 3 22 2 1 5 30 18 16 20 12 6 0 11 15 25 29 26 23 13 28 14 9 24 4 19 21 8 
504.509544  31 17 7 27 10 3 22 2 1 5 30 18 16 20 12 6 0 11 15 25 29 26 23 13 28 14 9 24 4 19 21 8 
504.509544  31 17 7 27 10 3 22 2 1 5 30 18 16 20 12 6 0 11 15 25 29 26 23 13 28 14 9 24 4 19 21 8 
495.725364  31 17 7 27 10 3 22 2 1 5 16 18 30 20 12 6 0 11 15 25 29 26 23 13 28 14 9 24 4 19 21 8 
495.725364  31 17 7 27 10 3 22 2 1 5 16 18 30 20 12 6 0 11 15 25 29 26 23 13 28 14 9 24 4 19 21 8 
514.148479  31 26 23 13 25 29 15 11 0 6 12 20 30 18 16 5 1 2 22 3 10 27 7 17 21 8 14 9 24 19 4 28 
514.148479  31 26 23 13 25 29 15 11 0 6 12 20 30 18 16 5 1 2 22 3 10 27 7 17 21 8 14 9 24 19 4 28 
514.148479  31 26 23 13 25 29 15 11 0 6 12 20 30 18 16 5 1 2 22 3 10 27 7 17 21 8 14 9 24 19 4 28 
514.148479  31 26 23 13 25 29 15 11 0 6 12 20 30 18 16 5 1 2 22 3 10 27 7 17 21 8 14 9 24 19 4 28 
514.148479  31 26 23 13 25 29 15 11 0 6 12 20 30 18 16 5 1 2 22 3 10 27 7 17 21 8 14 9 24 19 4 28 
514.148479  31 26 23 13 25 29 15 11 0 6 12 20 30 18 16 5 1 2 22 3 10 27 7 17 21 8 14 9 24 19 4 28 
507.479533  31 26 23 13 25 29 15 11 0 6 12 20 30 18 16 5 1 2 22 27 7 17 21 8 14 9 24 19 4 28 10 3 
514.148479  31 26 23 13 25 29 15 11 0 6 12 20 30 18 16 5 1 2 22 3 10 27 7 17 21 8 14 9 24 19 4 28 
514.148479  31 26 23 13 25 29 15 11 0 6 12 20 30 18 16 5 1 2 22 3 10 27 7 17 21 8 14 9 24 19 4 28 
516.563466  31 5 1 2 22 27 7 17 21 8 24 9 14 28 4 19 26 23 13 25 29 15 11 0 6 12 20 30 18 16 10 3 
536.913146  31 17 7 27 10 3 22 2 1 5 16 18 30 20 12 6 0 11 15 29 25 13 23 26 19 4 28 14 9 24 8 21 
514.148479  31 26 23 13 25 29 15 11 0 6 12 20 30 18 16 5 1 2 22 3 10 27 7 17 21 8 14 9 24 19 4 28 
507.479533  31 26 23 13 25 29 15 11 0 6 12 20 30 18 16 5 1 2 22 27 7 17 21 8 14 9 24 19 4 28 10 3 
507.479533  31 26 23 13 25 29 15 11 0 6 12 20 30 18 16 5 1 2 22 27 7 17 21 8 14 9 24 19 4 28 3 10 
507.479533  31 26 23 13 25 29 15 11 0 6 12 20 30 18 16 5 1 2 22 27 7 17 21 8 14 9 24 19 4 28 10 3 
514.148479  31 26 23 13 25 29 15 11 0 6 12 20 30 18 16 5 1 2 22 3 10 27 7 17 21 8 14 9 24 19 4 28 
507.479533  31 26 23 13 25 29 15 11 0 6 12 20 30 18 16 5 1 2 22 27 7 17 21 8 14 9 24 19 4 28 3 10 
507.479533  31 26 23 13 25 29 15 11 0 6 12 20 30 18 16 5 1 2 22 27 7 17 21 8 14 9 24 19 4 28 3 10 
507.479533  31 26 23 13 25 29 15 11 0 6 12 20 30 18 16 5 1 2 22 27 7 17 21 8 14 9 24 19 4 28 10 3 
507.479533  31 26 23 13 25 29 15 11 0 6 12 20 30 18 16 5 1 2 22 27 7 17 21 8 14 9 24 10 3 19 4 28 
514.148479  31 26 23 13 25 29 15 11 0 6 12 20 30 18 16 5 1 2 22 3 10 27 7 17 21 8 14 9 24 19 4 28 
536.913146  31 17 7 27 10 3 22 2 1 5 16 18 30 20 12 6 0 11 15 29 25 13 23 26 19 4 28 14 9 24 8 21 
536.913146  31 17 7 27 10 3 22 2 1 5 16 18 30 20 12 6 0 11 15 29 25 13 23 26 19 4 28 14 9 24 8 21 
507.479533  31 26 23 13 25 29 15 11 0 6 12 20 30 18 16 5 1 2 22 27 7 17 21 8 14 9 24 19 4 28 10 3 
507.479533  31 26 23 13 25 29 15 11 0 6 12 20 30 18 16 5 1 2 22 27 7 17 21 8 14 9 24 19 4 28 3 10 
507.479533  31 26 23 13 25 29 15 11 0 6 12 20 30 18 16 5 1 2 22 27 7 17 21 8 14 9 24 19 4 28 3 10 
507.479533  31 26 23 13 25 29 15 11 0 6 12 20 30 18 16 5 1 2 22 27 7 17 21 8 14 9 24 19 4 28 3 10 
507.479533  31 26 23 13 25 29 15 11 0 6 12 20 30 18 16 5 1 2 22 27 7 17 21 8 14 9 24 19 4 28 3 10 
507.479533  31 26 23 13 25 29 15 11 0 6 12 20 30 18 16 5 1 2 22 27 7 17 21 8 14 9 24 19 4 28 3 10 
507.479533  31 26 23 13 25 29 15 11 0 6 12 20 30 18 16 5 1 2 22 27 7 17 21 8 14 9 24 19 4 28 10 3 
537.794724  31 8 21 17 7 27 22 2 1 5 16 18 30 20 12 6 0 11 15 29 25 13 23 26 19 4 28 14 9 24 10 3 
507.479533  31 26 23 13 25 29 15 11 0 6 12 20 30 18 16 5 1 2 22 27 7 17 21 8 14 9 24 19 4 28 3 10 
507.479533  31 26 23 13 25 29 15 11 0 6 12 20 30 18 16 5 1 2 22 27 7 17 21 8 14 9 24 19 4 28 3 10 
507.479533  31 26 23 13 25 29 15 11 0 6 12 20 30 18 16 5 1 2 22 27 7 17 21 8 14 9 24 19 4 28 3 10 
551.016838  31 21 8 14 9 24 19 4 28 26 23 13 25 29 15 11 0 6 12 20 30 18 16 5 1 2 22 27 7 17 10 3 
507.479533  31 26 23 13 25 29 15 11 0 6 12 20 30 18 16 5 1 2 22 27 7 17 21 8 14 9 24 19 4 28 3 10 
507.479533  31 26 23 13 25 29 15 11 0 6 12 20 30 18 16 5 1 2 22 27 7 17 21 8 14 9 24 19 4 28 3 10 
507.479533  31 26 23 13 25 29 15 11 0 6 12 20 30 18 16 5 1 2 22 27 7 17 21 8 14 9 24 19 4 28 10 3 
507.479533  31 26 23 13 25 29 15 11 0 6 12 20 30 18 16 5 1 2 22 27 7 17 21 8 14 9 24 19 4 28 3 10 
507.479533  31 26 23 13 25 29 15 11 0 6 12 20 30 18 16 5 1 2 22 27 7 17 21 8 14 9 24 19 4 28 10 3 
507.479533  31 26 23 13 25 29 15 11 0 6 12 20 30 18 16 5 1 2 22 27 7 17 21 8 14 9 24 19 4 28 3 10 
507.479533  31 26 23 13 25 29 15 11 0 6 12 20 30 18 16 5 1 2 22 27 7 17 21 8 14 9 24 19 4 28 3 10 
507.479533  31 26 23 13 25 29 15 11 0 6 12 20 30 18 16 5 1 2 22 27 7 17 21 8 14 9 24 19 4 28 10 3 
507.479533  31 26 23 13 25 29 15 11 0 6 12 20 30 18 16 5 1 2 22 27 7 17 21 8 14 9 24 19 4 28 10 3 
507.479533  31 26 23 13 25 29 15 11 0 6 12 20 30 18 16 5 1 2 22 27 7 17 21 8 14 9 24 19 4 28 10 3 
507.479533  31 26 23 13 25 29 15 11 0 6 12 20 30 18 16 5 1 2 22 27 7 17 21 8 14 9 24 19 4 28 3 10 
507.479533  31 26 23 13 25 29 15 11 0 6 12 20 30 18 16 5 1 2 22 27 7 17 21 8 14 9 24 19 4 28 3 10 
507.479533  31 26 23 13 25 29 15 11 0 6 12 20 30 18 16 5 1 2 22 27 7 17 21 8 14 9 24 19 4 28 3 10 
507.479533  31 26 23 13 25 29 15 11 0 6 12 20 30 18 16 5 1 2 22 27 7 17 21 8 14 9 24 19 4 28 10 3 
507.479533  31 26 23 13 25 29 15 11 0 6 12 20 30 18 16 5 1 2 22 27 7 17 21 8 14 9 24 19 4 28 3 10 
507.479533  31 26 23 13 25 29 15 11 0 6 12 20 30 18 16 5 1 2 22 27 7 17 21 8 14 9 24 19 4 28 10 3 
507.479533  31 26 23 13 25 29 15 11 0 6 12 20 30 18 16 5 1 2 22 27 7 17 21 8 14 9 24 19 4 28 10 3 
507.479533  31 26 23 13 25 29 15 11 0 6 12 20 30 18 16 5 1 2 22 27 7 17 21 8 14 9 24 19 4 28 10 3 
507.479533  31 26 23 13 25 29 15 11 0 6 12 20 30 18 16 5 1 2 22 27 7 17 21 8 14 9 24 19 4 28 3 10 
507.479533  31 26 23 13 25 29 15 11 0 6 12 20 30 18 16 5 1 2 22 27 7 17 21 8 14 9 24 19 4 28 3 10 
507.479533  31 26 23 13 25 29 15 11 0 6 12 20 30 18 16 5 1 2 22 27 7 17 21 8 14 9 24 19 4 28 10 3 
507.479533  31 26 23 13 25 29 15 11 0 6 12 20 30 18 16 5 1 2 22 27 7 17 21 8 14 9 24 19 4 28 3 10 
507.479533  31 26 23 13 25 29 15 11 0 6 12 20 30 18 16 5 1 2 22 27 7 17 21 8 14 9 24 19 4 28 10 3 
507.479533  31 26 23 13 25 29 15 11 0 6 12 20 30 18 16 5 1 2 22 27 7 17 21 8 14 9 24 19 4 28 10 3 
507.479533  31 26 23 13 25 29 15 11 0 6 12 20 30 18 16 5 1 2 22 27 7 17 21 8 14 9 24 19 4 28 10 3 
507.479533  31 26 23 13 25 29 15 11 0 6 12 20 30 18 16 5 1 2 22 27 7 17 21 8 14 9 24 19 4 28 3 10 
507.479533  31 26 23 13 25 29 15 11 0 6 12 20 30 18 16 5 1 2 22 27 7 17 21 8 14 9 24 19 4 28 3 10 
510.090827  31 26 23 13 25 29 15 11 0 6 12 20 30 18 16 1 2 22 5 10 3 27 7 17 21 8 14 9 24 19 4 28 
507.479533  31 26 23 13 25 29 15 11 0 6 12 20 30 18 16 5 1 2 22 27 7 17 21 8 14 9 24 19 4 28 3 10 
507.479533  31 26 23 13 25 29 15 11 0 6 12 20 30 18 16 5 1 2 22 27 7 17 21 8 14 9 24 19 4 28 3 10 
507.479533  31 26 23 13 25 29 15 11 0 6 12 20 30 18 16 5 1 2 22 27 7 17 21 8 14 9 24 19 4 28 3 10 
507.479533  31 26 23 13 25 29 15 11 0 6 12 20 30 18 16 5 1 2 22 27 7 17 21 8 14 9 24 19 4 28 10 3 
507.479533  31 26 23 13 25 29 15 11 0 6 12 20 30 18 16 5 1 2 22 27 7 17 21 8 14 9 24 19 4 28 3 10 
507.479533  31 26 23 13 25 29 15 11 0 6 12 20 30 18 16 5 1 2 22 27 7 17 21 8 14 9 24 19 4 28 10 3 
507.479533  31 26 23 13 25 29 15 11 0 6 12 20 30 18 16 5 1 2 22 27 7 17 21 8 14 9 24 19 4 28 10 3 
507.479533  31 26 23 13 25 29 15 11 0 6 12 20 30 18 16 5 1 2 22 27 7 17 21 8 14 9 24 19 4 28 10 3 
507.479533  31 26 23 13 25 29 15 11 0 6 12 20 30 18 16 5 1 2 22 27 7 17 21 8 14 9 24 19 4 28 10 3 
507.479533  31 26 23 13 25 29 15 11 0 6 12 20 30 18 16 5 1 2 22 27 7 17 21 8 14 9 24 19 4 28 3 10 
507.479533  31 26 23 13 25 29 15 11 0 6 12 20 30 18 16 5 1 2 22 27 7 17 21 8 14 9 24 19 4 28 3 10 
507.479533  31 26 23 13 25 29 15 11 0 6 12 20 30 18 16 5 1 2 22 27 7 17 21 8 14 9 24 19 4 28 10 3 
507.479533  31 26 23 13 25 29 15 11 0 6 12 20 30 18 16 5 1 2 22 27 7 17 21 8 14 9 24 19 4 28 3 10 
507.479533  31 26 23 13 25 29 15 11 0 6 12 20 30 18 16 5 1 2 22 27 7 17 21 8 14 9 24 19 4 28 3 10 
507.479533  31 26 23 13 25 29 15 11 0 6 12 20 30 18 16 5 1 2 22 27 7 17 21 8 14 9 24 19 4 28 3 10 
507.479533  31 26 23 13 25 29 15 11 0 6 12 20 30 18 16 5 1 2 22 27 7 17 21 8 14 9 24 19 4 28 10 3 
507.479533  31 26 23 13 25 29 15 11 0 6 12 20 30 18 16 5 1 2 22 27 7 17 21 8 14 9 24 19 4 28 3 10 
507.479533  31 26 23 13 25 29 15 11 0 6 12 20 30 18 16 5 1 2 22 27 7 17 21 8 14 9 24 19 4 28 10 3 
507.479533  31 26 23 13 25 29 15 11 0 6 12 20 30 18 16 5 1 2 22 27 7 17 21 8 14 9 24 19 4 28 3 10 
507.479533  31 26 23 13 25 29 15 11 0 6 12 20 30 18 16 5 1 2 22 27 7 17 21 8 14 9 24 19 4 28 3 10 
507.479533  31 26 23 13 25 29 15 11 0 6 12 20 30 18 16 5 1 2 22 27 7 17 21 8 14 9 24 19 4 28 3 10 
507.479533  31 26 23 13 25 29 15 11 0 6 12 20 30 18 16 5 1 2 22 27 7 17 21 8 14 9 24 19 4 28 3 10 
547.269323  31 6 12 20 30 18 16 5 1 2 22 27 7 17 21 8 14 9 24 19 4 28 26 23 13 25 29 15 11 0 10 3 
===================
1164.664341  31 19 26 28 12 8 21 6 23 13 25 22 20 29 3 0 5 17 24 9 10 27 15 11 2 7 30 16 14 1 18 4 
1128.913714  31 7 21 17 13 9 8 1 22 2 24 23 18 10 27 3 0 11 19 4 14 30 26 12 25 29 6 16 20 5 15 28 
1169.780561  31 18 6 4 9 28 20 13 0 26 3 17 21 27 22 30 16 15 29 1 14 8 7 23 11 25 12 10 2 5 19 24 
1169.780561  31 18 6 4 9 28 20 13 0 26 3 17 21 27 22 30 16 15 29 1 14 8 7 23 11 25 12 10 2 5 19 24 
1169.780561  31 18 6 4 9 28 20 13 0 26 3 17 21 27 22 30 16 15 29 1 14 8 7 23 11 25 12 10 2 5 19 24 
1194.546558  31 6 12 4 13 17 2 28 24 21 27 20 0 1 22 3 23 25 10 14 8 30 15 11 7 29 26 18 9 5 16 19 
1219.440501  31 6 12 4 21 17 2 28 24 27 3 20 0 1 22 30 23 15 19 14 8 29 7 10 11 13 26 18 9 5 16 25 
1148.129691  31 9 7 15 13 28 8 1 22 2 17 14 21 10 27 30 20 18 29 4 19 0 26 23 6 25 12 16 3 5 24 11 
1110.558229  31 9 7 28 13 26 8 1 22 2 17 14 21 10 27 30 20 18 29 4 19 0 15 23 6 25 12 16 3 5 24 11 
1171.934871  31 6 11 15 21 28 24 1 12 2 17 14 13 10 27 30 20 18 29 4 19 0 26 23 7 22 8 16 3 5 9 25 
1171.934871  31 6 11 15 21 28 24 1 12 2 17 14 13 10 27 30 20 18 29 4 19 0 26 23 7 22 8 16 3 5 9 25 
1012.730662  31 23 26 28 21 8 14 1 12 10 17 22 13 29 27 11 20 18 24 4 19 0 15 6 2 25 30 16 3 5 9 7 
1012.730662  31 23 26 28 21 8 14 1 12 10 17 22 13 29 27 11 20 18 24 4 19 0 15 6 2 25 30 16 3 5 9 7 
1012.730662  31 23 26 28 21 8 14 1 12 10 17 22 13 29 27 11 20 18 24 4 19 0 15 6 2 25 30 16 3 5 9 7 
1012.730662  31 23 26 28 21 8 14 1 12 10 17 22 13 29 27 11 20 18 24 4 19 0 15 6 2 25 30 16 3 5 9 7 
940.622128  31 23 26 28 21 8 14 1 12 2 17 22 13 10 27 7 20 18 29 4 19 0 15 6 11 25 30 16 3 5 9 24 
940.622128  31 23 26 28 21 8 14 1 12 2 17 22 13 10 27 7 20 18 29 4 19 0 15 6 11 25 30 16 3 5 9 24 
940.622128  31 23 26 28 21 8 14 1 12 2 17 22 13 10 27 7 20 18 29 4 19 0 15 6 11 25 30 16 3 5 9 24 
940.622128  31 23 26 28 21 8 14 1 12 2 17 22 13 10 27 7 20 18 29 4 19 0 15 6 11 25 30 16 3 5 9 24 
940.622128  31 23 26 28 21 8 14 1 12 2 17 22 13 10 27 7 20 18 29 4 19 0 15 6 11 25 30 16 3 5 9 24 
920.628481  31 23 26 28 21 8 14 1 12 2 27 22 13 10 17 7 20 18 29 4 19 0 15 6 11 25 30 16 3 5 9 24 
920.628481  31 23 26 28 21 8 14 1 12 2 27 22 13 10 17 7 20 18 29 4 19 0 15 6 11 25 30 16 3 5 9 24 
920.628481  31 23 26 28 21 8 14 1 12 2 27 22 13 10 17 7 20 18 29 4 19 0 15 6 11 25 30 16 3 5 9 24 
920.628481  31 23 26 28 21 8 14 1 12 2 27 22 13 10 17 7 20 18 29 4 19 0 15 6 11 25 30 16 3 5 9 24 
920.628481  31 23 26 28 21 8 14 1 12 2 27 22 13 10 17 7 20 18 29 4 19 0 15 6 11 25 30 16 3 5 9 24 
920.628481  31 23 26 28 21 8 14 1 12 2 27 22 13 10 17 7 20 18 29 4 19 0 15 6 11 25 30 16 3 5 9 24 
920.628481  31 23 26 28 21 8 14 1 12 2 27 22 13 10 17 7 20 18 29 4 19 0 15 6 11 25 30 16 3 5 9 24 
920.628481  31 23 26 28 21 8 14 1 12 2 27 22 13 10 17 7 20 18 29 4 19 0 15 6 11 25 30 16 3 5 9 24 
920.628481  31 23 26 28 21 8 14 1 12 2 27 22 13 10 17 7 20 18 29 4 19 0 15 6 11 25 30 16 3 5 9 24 
920.628481  31 23 26 28 21 8 14 1 12 2 27 22 13 10 17 7 20 18 29 4 19 0 15 6 11 25 30 16 3 5 9 24 
920.628481  31 23 26 28 21 8 14 1 12 2 27 22 13 10 17 7 20 18 29 4 19 0 15 6 11 25 30 16 3 5 9 24 
920.628481  31 23 26 28 21 8 14 1 12 2 27 22 13 10 17 7 20 18 29 4 19 0 15 6 11 25 30 16 3 5 9 24 
920.628481  31 23 26 28 21 8 14 1 12 2 27 22 13 10 17 7 20 18 29 4 19 0 15 6 11 25 30 16 3 5 9 24 
920.628481  31 23 26 28 21 8 14 1 12 2 27 22 13 10 17 7 20 18 29 4 19 0 15 6 11 25 30 16 3 5 9 24 
920.628481  31 23 26 28 21 8 14 1 12 2 27 22 13 10 17 7 20 18 29 4 19 0 15 6 11 25 30 16 3 5 9 24 
920.628481  31 23 26 28 21 8 14 1 12 2 27 22 13 10 17 7 20 18 29 4 19 0 15 6 11 25 30 16 3 5 9 24 
920.628481  31 23 26 28 21 8 14 1 12 2 27 22 13 10 17 7 20 18 29 4 19 0 15 6 11 25 30 16 3 5 9 24 
920.628481  31 23 26 28 21 8 14 1 12 2 27 22 13 10 17 7 20 18 29 4 19 0 15 6 11 25 30 16 3 5 9 24 
920.628481  31 23 26 28 21 8 14 1 12 2 27 22 13 10 17 7 20 18 29 4 19 0 15 6 11 25 30 16 3 5 9 24 
920.628481  31 23 26 28 21 8 14 1 12 2 27 22 13 10 17 7 20 18 29 4 19 0 15 6 11 25 30 16 3 5 9 24 
920.628481  31 23 26 28 21 8 14 1 12 2 27 22 13 10 17 7 20 18 29 4 19 0 15 6 11 25 30 16 3 5 9 24 
920.628481  31 23 26 28 21 8 14 1 12 2 27 22 13 10 17 7 20 18 29 4 19 0 15 6 11 25 30 16 3 5 9 24 
920.628481  31 23 26 28 21 8 14 1 12 2 27 22 13 10 17 7 20 18 29 4 19 0 15 6 11 25 30 16 3 5 9 24 
920.628481  31 23 26 28 21 8 14 1 12 2 27 22 13 10 17 7 20 18 29 4 19 0 15 6 11 25 30 16 3 5 9 24 
920.628481  31 23 26 28 21 8 14 1 12 2 27 22 13 10 17 7 20 18 29 4 19 0 15 6 11 25 30 16 3 5 9 24 
920.628481  31 23 26 28 21 8 14 1 12 2 27 22 13 10 17 7 20 18 29 4 19 0 15 6 11 25 30 16 3 5 9 24 
920.628481  31 23 26 28 21 8 14 1 12 2 27 22 13 10 17 7 20 18 29 4 19 0 15 6 11 25 30 16 3 5 9 24 
920.628481  31 23 26 28 21 8 14 1 12 2 27 22 13 10 17 7 20 18 29 4 19 0 15 6 11 25 30 16 3 5 9 24 
920.628481  31 23 26 28 21 8 14 1 12 2 27 22 13 10 17 7 20 18 29 4 19 0 15 6 11 25 30 16 3 5 9 24 
920.628481  31 23 26 28 21 8 14 1 12 2 27 22 13 10 17 7 20 18 29 4 19 0 15 6 11 25 30 16 3 5 9 24 
920.628481  31 23 26 28 21 8 14 1 12 2 27 22 13 10 17 7 20 18 29 4 19 0 15 6 11 25 30 16 3 5 9 24 
920.628481  31 23 26 28 21 8 14 1 12 2 27 22 13 10 17 7 20 18 29 4 19 0 15 6 11 25 30 16 3 5 9 24 
920.628481  31 23 26 28 21 8 14 1 12 2 27 22 13 10 17 7 20 18 29 4 19 0 15 6 11 25 30 16 3 5 9 24 
920.628481  31 23 26 28 21 8 14 1 12 2 27 22 13 10 17 7 20 18 29 4 19 0 15 6 11 25 30 16 3 5 9 24 
920.628481  31 23 26 28 21 8 14 1 12 2 27 22 13 10 17 7 20 18 29 4 19 0 15 6 11 25 30 16 3 5 9 24 
920.628481  31 23 26 28 21 8 14 1 12 2 27 22 13 10 17 7 20 18 29 4 19 0 15 6 11 25 30 16 3 5 9 24 
920.628481  31 23 26 28 21 8 14 1 12 2 27 22 13 10 17 7 20 18 29 4 19 0 15 6 11 25 30 16 3 5 9 24 
908.510603  31 23 26 28 14 8 21 1 12 2 27 22 13 10 17 7 20 18 29 4 19 0 15 6 11 25 30 16 3 5 9 24 
914.458955  31 23 26 28 21 8 14 1 12 2 27 22 13 10 17 7 20 18 29 4 19 0 11 6 15 25 30 16 3 5 9 24 
914.458955  31 23 26 28 21 8 14 1 12 2 27 22 13 10 17 7 20 18 29 4 19 0 11 6 15 25 30 16 3 5 9 24 
914.458955  31 23 26 28 21 8 14 1 12 2 27 22 13 10 17 7 20 18 29 4 19 0 11 6 15 25 30 16 3 5 9 24 
914.458955  31 23 26 28 21 8 14 1 12 2 27 22 13 10 17 7 20 18 29 4 19 0 11 6 15 25 30 16 3 5 9 24 
914.458955  31 23 26 28 21 8 14 1 12 2 27 22 13 10 17 7 20 18 29 4 19 0 11 6 15 25 30 16 3 5 9 24 
914.458955  31 23 26 28 21 8 14 1 12 2 27 22 13 10 17 7 20 18 29 4 19 0 11 6 15 25 30 16 3 5 9 24 
885.356211  31 23 26 28 21 8 14 1 12 2 27 22 13 10 17 7 0 19 4 29 18 20 11 6 15 25 30 16 3 5 9 24 
885.356211  31 23 26 28 21 8 14 1 12 2 27 22 13 10 17 7 0 19 4 29 18 20 11 6 15 25 30 16 3 5 9 24 
885.356211  31 23 26 28 21 8 14 1 12 2 27 22 13 10 17 7 0 19 4 29 18 20 11 6 15 25 30 16 3 5 9 24 
885.356211  31 23 26 28 21 8 14 1 12 2 27 22 13 10 17 7 0 19 4 29 18 20 11 6 15 25 30 16 3 5 9 24 
885.356211  31 23 26 28 21 8 14 1 12 2 27 22 13 10 17 7 0 19 4 29 18 20 11 6 15 25 30 16 3 5 9 24 
885.356211  31 23 26 28 21 8 14 1 12 2 27 22 13 10 17 7 0 19 4 29 18 20 11 6 15 25 30 16 3 5 9 24 
885.356211  31 23 26 28 21 8 14 1 12 2 27 22 13 10 17 7 0 19 4 29 18 20 11 6 15 25 30 16 3 5 9 24 
885.356211  31 23 26 28 21 8 14 1 12 2 27 22 13 10 17 7 0 19 4 29 18 20 11 6 15 25 30 16 3 5 9 24 
850.042607  31 23 26 28 21 8 14 1 12 2 27 22 13 10 17 7 11 20 18 29 4 19 0 6 15 25 30 16 3 5 9 24 
850.042607  31 23 26 28 21 8 14 1 12 2 27 22 13 10 17 7 11 20 18 29 4 19 0 6 15 25 30 16 3 5 9 24 
850.042607  31 23 26 28 21 8 14 1 12 2 27 22 13 10 17 7 11 20 18 29 4 19 0 6 15 25 30 16 3 5 9 24 
850.042607  31 23 26 28 21 8 14 1 12 2 27 22 13 10 17 7 11 20 18 29 4 19 0 6 15 25 30 16 3 5 9 24 
850.042607  31 23 26 28 21 8 14 1 12 2 27 22 13 10 17 7 11 20 18 29 4 19 0 6 15 25 30 16 3 5 9 24 
850.042607  31 23 26 28 21 8 14 1 12 2 27 22 13 10 17 7 11 20 18 29 4 19 0 6 15 25 30 16 3 5 9 24 
848.214173  31 23 26 28 21 8 14 1 12 2 27 22 13 10 17 7 0 20 18 29 4 19 11 6 15 25 30 16 3 5 9 24 
848.214173  31 23 26 28 21 8 14 1 12 2 27 22 13 10 17 7 0 20 18 29 4 19 11 6 15 25 30 16 3 5 9 24 
848.214173  31 23 26 28 21 8 14 1 12 2 27 22 13 10 17 7 0 20 18 29 4 19 11 6 15 25 30 16 3 5 9 24 
848.214173  31 23 26 28 21 8 14 1 12 2 27 22 13 10 17 7 0 20 18 29 4 19 11 6 15 25 30 16 3 5 9 24 
848.214173  31 23 26 28 21 8 14 1 12 2 27 22 13 10 17 7 0 20 18 29 4 19 11 6 15 25 30 16 3 5 9 24 
848.214173  31 23 26 28 21 8 14 1 12 2 27 22 13 10 17 7 0 20 18 29 4 19 11 6 15 25 30 16 3 5 9 24 
837.924730  31 23 26 28 14 8 21 1 12 2 27 22 13 10 17 7 11 20 18 29 4 19 0 6 15 25 30 16 3 5 9 24 
837.924730  31 23 26 28 14 8 21 1 12 2 27 22 13 10 17 7 11 20 18 29 4 19 0 6 15 25 30 16 3 5 9 24 
837.924730  31 23 26 28 14 8 21 1 12 2 27 22 13 10 17 7 11 20 18 29 4 19 0 6 15 25 30 16 3 5 9 24 
836.096296  31 23 26 28 14 8 21 1 12 2 27 22 13 10 17 7 0 20 18 29 4 19 11 6 15 25 30 16 3 5 9 24 
836.096296  31 23 26 28 14 8 21 1 12 2 27 22 13 10 17 7 0 20 18 29 4 19 11 6 15 25 30 16 3 5 9 24 
836.096296  31 23 26 28 14 8 21 1 12 2 27 22 13 10 17 7 0 20 18 29 4 19 11 6 15 25 30 16 3 5 9 24 
836.096296  31 23 26 28 14 8 21 1 12 2 27 22 13 10 17 7 0 20 18 29 4 19 11 6 15 25 30 16 3 5 9 24 
836.096296  31 23 26 28 14 8 21 1 12 2 27 22 13 10 17 7 0 20 18 29 4 19 11 6 15 25 30 16 3 5 9 24 
836.096296  31 23 26 28 14 8 21 1 12 2 27 22 13 10 17 7 0 20 18 29 4 19 11 6 15 25 30 16 3 5 9 24 
836.096296  31 23 26 28 14 8 21 1 12 2 27 22 13 10 17 7 0 20 18 29 4 19 11 6 15 25 30 16 3 5 9 24 
836.096296  31 23 26 28 14 8 21 1 12 2 27 22 13 10 17 7 0 20 18 29 4 19 11 6 15 25 30 16 3 5 9 24 
836.096296  31 23 26 28 14 8 21 1 12 2 27 22 13 10 17 7 0 20 18 29 4 19 11 6 15 25 30 16 3 5 9 24 
836.096296  31 23 26 28 14 8 21 1 12 2 27 22 13 10 17 7 0 20 18 29 4 19 11 6 15 25 30 16 3 5 9 24 
836.096296  31 23 26 28 14 8 21 1 12 2 27 22 13 10 17 7 0 20 18 29 4 19 11 6 15 25 30 16 3 5 9 24 
836.096296  31 23 26 28 14 8 21 1 12 2 27 22 13 10 17 7 0 20 18 29 4 19 11 6 15 25 30 16 3 5 9 24 
836.096296  31 23 26 28 14 8 21 1 12 2 27 22 13 10 17 7 0 20 18 29 4 19 11 6 15 25 30 16 3 5 9 24 
===================
1222.701627  31 23 24 29 11 26 13 25 30 15 10 6 12 14 28 9 27 20 16 17 19 8 3 1 0 18 4 7 21 2 5 22 
1263.004151  31 8 22 12 18 15 23 10 7 2 13 11 1 14 21 29 25 5 20 30 9 17 26 6 3 27 19 24 16 0 4 28 
1221.003643  31 25 26 19 27 29 11 4 23 8 13 3 15 14 24 28 9 2 30 10 12 6 16 1 20 18 21 0 22 7 17 5 
1125.038545  31 23 22 16 12 26 13 14 10 9 8 24 15 18 25 29 27 0 17 19 11 6 30 1 5 3 4 7 21 2 28 20 
1125.038545  31 23 22 16 12 26 13 14 10 9 8 24 15 18 25 29 27 0 17 19 11 6 30 1 5 3 4 7 21 2 28 20 
1084.417254  31 23 22 16 12 26 13 14 10 9 8 24 0 18 25 29 27 2 17 19 11 6 30 1 5 3 4 15 21 7 28 20 
1084.417254  31 23 22 16 12 26 13 14 10 9 8 24 0 18 25 29 27 2 17 19 11 6 30 1 5 3 4 15 21 7 28 20 
1084.417254  31 23 22 16 12 26 13 14 10 9 8 24 0 18 25 29 27 2 17 19 11 6 30 1 5 3 4 15 21 7 28 20 
1084.417254  31 23 22 16 12 26 13 14 10 9 8 24 0 18 25 29 27 2 17 19 11 6 30 1 5 3 4 15 21 7 28 20 
1069.367715  31 23 24 16 12 26 13 14 8 10 2 18 0 20 25 29 27 1 17 19 5 6 30 11 3 22 4 15 21 7 9 28 
1069.367715  31 23 24 16 12 26 13 14 8 10 2 18 0 20 25 29 27 1 17 19 5 6 30 11 3 22 4 15 21 7 9 28 
1069.367715  31 23 24 16 12 26 13 14 8 10 2 18 0 20 25 29 27 1 17 19 5 6 30 11 3 22 4 15 21 7 9 28 
1069.367715  31 23 24 16 12 26 13 14 8 10 2 18 0 20 25 29 27 1 17 19 5 6 30 11 3 22 4 15 21 7 9 28 
1068.145575  31 23 22 16 12 26 13 14 8 10 2 24 0 20 25 29 27 1 17 19 18 6 30 11 5 3 4 15 21 7 9 28 
1068.145575  31 23 22 16 12 26 13 14 8 10 2 24 0 20 25 29 27 1 17 19 18 6 30 11 5 3 4 15 21 7 9 28 
1068.145575  31 23 22 16 12 26 13 14 8 10 2 24 0 20 25 29 27 1 17 19 18 6 30 11 5 3 4 15 21 7 9 28 
1068.145575  31 23 22 16 12 26 13 14 8 10 2 24 0 20 25 29 27 1 17 19 18 6 30 11 5 3 4 15 21 7 9 28 
1068.145575  31 23 22 16 12 26 13 14 8 10 2 24 0 20 25 29 27 1 17 19 18 6 30 11 5 3 4 15 21 7 9 28 
1059.142319  31 13 26 12 16 24 23 14 8 10 2 18 0 20 25 29 27 1 17 19 5 6 30 11 3 22 4 15 21 7 9 28 
1068.145575  31 23 22 16 12 26 13 14 8 10 2 24 0 20 25 29 27 1 17 19 18 6 30 11 5 3 4 15 21 7 9 28 
1068.145575  31 23 22 16 12 26 13 14 8 10 2 24 0 20 25 29 27 1 17 19 18 6 30 11 5 3 4 15 21 7 9 28 
1068.145575  31 23 22 16 12 26 13 14 8 10 2 24 0 20 25 29 27 1 17 19 18 6 30 11 5 3 4 15 21 7 9 28 
1068.145575  31 23 22 16 12 26 13 14 8 10 2 24 0 20 25 29 27 1 17 19 18 6 30 11 5 3 4 15 21 7 9 28 
1068.145575  31 23 22 16 12 26 13 14 8 10 2 24 0 20 25 29 27 1 17 19 18 6 30 11 5 3 4 15 21 7 9 28 
1068.145575  31 23 22 16 12 26 13 14 8 10 2 24 0 20 25 29 27 1 17 19 18 6 30 11 5 3 4 15 21 7 9 28 
1068.145575  31 23 22 16 12 26 13 14 8 10 2 24 0 20 25 29 27 1 17 19 18 6 30 11 5 3 4 15 21 7 9 28 
1068.145575  31 23 22 16 12 26 13 14 8 10 2 24 0 20 25 29 27 1 17 19 18 6 30 11 5 3 4 15 21 7 9 28 
1060.997449  31 23 8 14 13 26 12 16 22 10 2 24 0 20 25 29 27 1 17 19 18 6 30 11 5 3 4 15 21 7 9 28 
1060.997449  31 23 8 14 13 26 12 16 22 10 2 24 0 20 25 29 27 1 17 19 18 6 30 11 5 3 4 15 21 7 9 28 
1060.997449  31 23 8 14 13 26 12 16 22 10 2 24 0 20 25 29 27 1 17 19 18 6 30 11 5 3 4 15 21 7 9 28 
1060.997449  31 23 8 14 13 26 12 16 22 10 2 24 0 20 25 29 27 1 17 19 18 6 30 11 5 3 4 15 21 7 9 28 
1068.145575  31 23 22 16 12 26 13 14 8 10 2 24 0 20 25 29 27 1 17 19 18 6 30 11 5 3 4 15 21 7 9 28 
1068.145575  31 23 22 16 12 26 13 14 8 10 2 24 0 20 25 29 27 1 17 19 18 6 30 11 5 3 4 15 21 7 9 28 
1068.145575  31 23 22 16 12 26 13 14 8 10 2 24 0 20 25 29 27 1 17 19 18 6 30 11 5 3 4 15 21 7 9 28 
1068.145575  31 23 22 16 12 26 13 14 8 10 2 24 0 20 25 29 27 1 17 19 18 6 30 11 5 3 4 15 21 7 9 28 
1068.145575  31 23 22 16 12 26 13 14 8 10 2 24 0 20 25 29 27 1 17 19 18 6 30 11 5 3 4 15 21 7 9 28 
1068.145575  31 23 22 16 12 26 13 14 8 10 2 24 0 20 25 29 27 1 17 19 18 6 30 11 5 3 4 15 21 7 9 28 
1068.145575  31 23 22 16 12 26 13 14 8 10 2 24 0 20 25 29 27 1 17 19 18 6 30 11 5 3 4 15 21 7 9 28 
1068.145575  31 23 22 16 12 26 13 14 8 10 2 24 0 20 25 29 27 1 17 19 18 6 30 11 5 3 4 15 21 7 9 28 
1068.145575  31 23 22 16 12 26 13 14 8 10 2 24 0 20 25 29 27 1 17 19 18 6 30 11 5 3 4 15 21 7 9 28 
1068.145575  31 23 22 16 12 26 13 14 8 10 2 24 0 20 25 29 27 1 17 19 18 6 30 11 5 3 4 15 21 7 9 28 
1068.145575  31 23 22 16 12 26 13 14 8 10 2 24 0 20 25 29 27 1 17 19 18 6 30 11 5 3 4 15 21 7 9 28 
1068.145575  31 23 22 16 12 26 13 14 8 10 2 24 0 20 25 29 27 1 17 19 18 6 30 11 5 3 4 15 21 7 9 28 
1068.145575  31 23 22 16 12 26 13 14 8 10 2 24 0 20 25 29 27 1 17 19 18 6 30 11 5 3 4 15 21 7 9 28 
1068.145575  31 23 22 16 12 26 13 14 8 10 2 24 0 20 25 29 27 1 17 19 18 6 30 11 5 3 4 15 21 7 9 28 
1068.145575  31 23 22 16 12 26 13 14 8 10 2 24 0 20 25 29 27 1 17 19 18 6 30 11 5 3 4 15 21 7 9 28 
1068.145575  31 23 22 16 12 26 13 14 8 10 2 24 0 20 25 29 27 1 17 19 18 6 30 11 5 3 4 15 21 7 9 28 
1068.145575  31 23 22 16 12 26 13 14 8 10 2 24 0 20 25 29 27 1 17 19 18 6 30 11 5 3 4 15 21 7 9 28 
1068.145575  31 23 22 16 12 26 13 14 8 10 2 24 0 20 25 29 27 1 17 19 18 6 30 11 5 3 4 15 21 7 9 28 
1068.145575  31 23 22 16 12 26 13 14 8 10 2 24 0 20 25 29 27 1 17 19 18 6 30 11 5 3 4 15 21 7 9 28 
1068.145575  31 23 22 16 12 26 13 14 8 10 2 24 0 20 25 29 27 1 17 19 18 6 30 11 5 3 4 15 21 7 9 28 
1068.145575  31 23 22 16 12 26 13 14 8 10 2 24 0 20 25 29 27 1 17 19 18 6 30 11 5 3 4 15 21 7 9 28 
1068.145575  31 23 22 16 12 26 13 14 8 10 2 24 0 20 25 29 27 1 17 19 18 6 30 11 5 3 4 15 21 7 9 28 
1068.145575  31 23 22 16 12 26 13 14 8 10 2 24 0 20 25 29 27 1 17 19 18 6 30 11 5 3 4 15 21 7 9 28 
1068.145575  31 23 22 16 12 26 13 14 8 10 2 24 0 20 25 29 27 1 17 19 18 6 30 11 5 3 4 15 21 7 9 28 
1068.145575  31 23 22 16 12 26 13 14 8 10 2 24 0 20 25 29 27 1 17 19 18 6 30 11 5 3 4 15 21 7 9 28 
1068.145575  31 23 22 16 12 26 13 14 8 10 2 24 0 20 25 29 27 1 17 19 18 6 30 11 5 3 4 15 21 7 9 28 
1058.889655  31 23 22 16 12 26 13 14 8 10 2 24 0 20 25 29 27 1 17 19 18 6 5 11 30 3 4 15 21 7 9 28 
995.796609  31 23 22 16 12 26 13 14 8 10 2 24 0 20 25 29 27 1 3 5 11 30 6 18 19 17 4 15 21 7 9 28 
995.796609  31 23 22 16 12 26 13 14 8 10 2 24 0 20 25 29 27 1 3 5 11 30 6 18 19 17 4 15 21 7 9 28 
995.796609  31 23 22 16 12 26 13 14 8 10 2 24 0 20 25 29 27 1 3 5 11 30 6 18 19 17 4 15 21 7 9 28 
952.734997  31 23 22 16 12 26 13 14 8 10 2 24 0 20 25 29 27 1 3 5 18 30 6 11 19 17 4 15 21 7 9 28 
952.734997  31 23 22 16 12 26 13 14 8 10 2 24 0 20 25 29 27 1 3 5 18 30 6 11 19 17 4 15 21 7 9 28 
952.734997  31 23 22 16 12 26 13 14 8 10 2 24 0 20 25 29 27 1 3 5 18 30 6 11 19 17 4 15 21 7 9 28 
952.734997  31 23 22 16 12 26 13 14 8 10 2 24 0 20 25 29 27 1 3 5 18 30 6 11 19 17 4 15 21 7 9 28 
952.734997  31 23 22 16 12 26 13 14 8 10 2 24 0 20 25 29 27 1 3 5 18 30 6 11 19 17 4 15 21 7 9 28 
952.734997  31 23 22 16 12 26 13 14 8 10 2 24 0 20 25 29 27 1 3 5 18 30 6 11 19 17 4 15 21 7 9 28 
952.734997  31 23 22 16 12 26 13 14 8 10 2 24 0 20 25 29 27 1 3 5 18 30 6 11 19 17 4 15 21 7 9 28 
952.734997  31 23 22 16 12 26 13 14 8 10 2 24 0 20 25 29 27 1 3 5 18 30 6 11 19 17 4 15 21 7 9 28 
952.734997  31 23 22 16 12 26 13 14 8 10 2 24 0 20 25 29 27 1 3 5 18 30 6 11 19 17 4 15 21 7 9 28 
952.734997  31 23 22 16 12 26 13 14 8 10 2 24 0 20 25 29 27 1 3 5 18 30 6 11 19 17 4 15 21 7 9 28 
952.734997  31 23 22 16 12 26 13 14 8 10 2 24 0 20 25 29 27 1 3 5 18 30 6 11 19 17 4 15 21 7 9 28 
952.734997  31 23 22 16 12 26 13 14 8 10 2 24 0 20 25 29 27 1 3 5 18 30 6 11 19 17 4 15 21 7 9 28 
952.734997  31 23 22 16 12 26 13 14 8 10 2 24 0 20 25 29 27 1 3 5 18 30 6 11 19 17 4 15 21 7 9 28 
952.734997  31 23 22 16 12 26 13 14 8 10 2 24 0 20 25 29 27 1 3 5 18 30 6 11 19 17 4 15 21 7 9 28 
949.682217  31 23 22 16 12 26 13 14 8 10 2 24 3 1 27 29 25 20 0 5 18 30 6 11 19 17 4 15 21 7 9 28 
949.682217  31 23 22 16 12 26 13 14 8 10 2 24 3 1 27 29 25 20 0 5 18 30 6 11 19 17 4 15 21 7 9 28 
949.682217  31 23 22 16 12 26 13 14 8 10 2 24 3 1 27 29 25 20 0 5 18 30 6 11 19 17 4 15 21 7 9 28 
949.682217  31 23 22 16 12 26 13 14 8 10 2 24 3 1 27 29 25 20 0 5 18 30 6 11 19 17 4 15 21 7 9 28 
949.682217  31 23 22 16 12 26 13 14 8 10 2 24 3 1 27 29 25 20 0 5 18 30 6 11 19 17 4 15 21 7 9 28 
949.682217  31 23 22 16 12 26 13 14 8 10 2 24 3 1 27 29 25 20 0 5 18 30 6 11 19 17 4 15 21 7 9 28 
949.682217  31 23 22 16 12 26 13 14 8 10 2 24 3 1 27 29 25 20 0 5 18 30 6 11 19 17 4 15 21 7 9 28 
949.682217  31 23 22 16 12 26 13 14 8 10 2 24 3 1 27 29 25 20 0 5 18 30 6 11 19 17 4 15 21 7 9 28 
949.682217  31 23 22 16 12 26 13 14 8 10 2 24 3 1 27 29 25 20 0 5 18 30 6 11 19 17 4 15 21 7 9 28 
949.682217  31 23 22 16 12 26 13 14 8 10 2 24 3 1 27 29 25 20 0 5 18 30 6 11 19 17 4 15 21 7 9 28 
949.682217  31 23 22 16 12 26 13 14 8 10 2 24 3 1 27 29 25 20 0 5 18 30 6 11 19 17 4 15 21 7 9 28 
949.682217  31 23 22 16 12 26 13 14 8 10 2 24 3 1 27 29 25 20 0 5 18 30 6 11 19 17 4 15 21 7 9 28 
949.682217  31 23 22 16 12 26 13 14 8 10 2 24 3 1 27 29 25 20 0 5 18 30 6 11 19 17 4 15 21 7 9 28 
949.682217  31 23 22 16 12 26 13 14 8 10 2 24 3 1 27 29 25 20 0 5 18 30 6 11 19 17 4 15 21 7 9 28 
949.682217  31 23 22 16 12 26 13 14 8 10 2 24 3 1 27 29 25 20 0 5 18 30 6 11 19 17 4 15 21 7 9 28 
949.682217  31 23 22 16 12 26 13 14 8 10 2 24 3 1 27 29 25 20 0 5 18 30 6 11 19 17 4 15 21 7 9 28 
949.682217  31 23 22 16 12 26 13 14 8 10 2 24 3 1 27 29 25 20 0 5 18 30 6 11 19 17 4 15 21 7 9 28 
949.682217  31 23 22 16 12 26 13 14 8 10 2 24 3 1 27 29 25 20 0 5 18 30 6 11 19 17 4 15 21 7 9 28 
949.682217  31 23 22 16 12 26 13 14 8 10 2 24 3 1 27 29 25 20 0 5 18 30 6 11 19 17 4 15 21 7 9 28 
949.682217  31 23 22 16 12 26 13 14 8 10 2 24 3 1 27 29 25 20 0 5 18 30 6 11 19 17 4 15 21 7 9 28 
949.682217  31 23 22 16 12 26 13 14 8 10 2 24 3 1 27 29 25 20 0 5 18 30 6 11 19 17 4 15 21 7 9 28 
949.682217  31 23 22 16 12 26 13 14 8 10 2 24 3 1 27 29 25 20 0 5 18 30 6 11 19 17 4 15 21 7 9 28 
949.682217  31 23 22 16 12 26 13 14 8 10 2 24 3 1 27 29 25 20 0 5 18 30 6 11 19 17 4 15 21 7 9 28 
949.682217  31 23 22 16 12 26 13 14 8 10 2 24 3 1 27 29 25 20 0 5 18 30 6 11 19 17 4 15 21 7 9 28 
949.682217  31 23 22 16 12 26 13 14 8 10 2 24 3 1 27 29 25 20 0 5 18 30 6 11 19 17 4 15 21 7 9 28 
