Order
4347864.29
4343348.43
4375040.07
4355426.54
4345977.36
4346752.34
4328533.99
4395102.22
4328341.91
4357464.25
4303757.96
4358010.33
4354315.77
4328673.88
4344096.10
4340445.17
4398116.53
4351635.70
4373973.85
4347084.44
4349690.27
4372957.16
4377769.64
4362320.49
4324680.89
4410994.84
4343139.84
4357088.88
4372330.51
4368658.22
Cycle
4827971.77
4847077.40
4922384.01
4888631.31
4836256.13
4890498.46
4876935.03
4819251.37
4869631.42
4880531.93
4854464.65
4844796.18
4886511.36
4816576.20
4893260.10
4877535.74
4816395.74
4834448.85
4891141.69
4826405.23
4845397.39
4862365.36
4840246.70
4872442.89
4877587.16
4827831.42
4845278.72
4866034.73
4840548.76
4838494.06
PM
4493430.64
4449860.24
4520736.41
4529879.65
4403556.17
4592978.07
4426494.74
4507112.82
4478119.09
4428916.26
4454335.47
4445988.00
4453383.75
4464840.05
4455765.30
4534600.37
4454355.26
4377238.60
4448963.98
4567169.98
4468732.14
4517603.51
4520806.55
4570036.84
4483058.34
4469729.92
4408593.41
4412524.46
4452525.76
4402797.67
Precedence
5071851.82
4675595.31
5114544.11
5114298.02
5086746.29
5102764.00
5098247.97
5082256.95
5107374.31
5063957.67
5078212.34
4709072.82
5089850.45
5097124.26
5089101.98
5085066.97
5067459.00
5105650.56
5063483.18
5031527.75
5106620.01
5111318.38
5082686.69
5083043.77
5104401.70
5096905.48
5081783.14
5085433.33
5086505.04
5096580.59
Greedy
651012.901
659979.976
672741.275
670102.617
659185.222
683968.065
651195.845
662178.831
673443.870
670721.964
646831.151
655432.006
673769.271
670664.956
654715.954
653766.590
655976.054
664659.756
666558.438
671649.835
669868.784
673233.186
665489.848
666910.287
660301.234
652656.780
658079.773
653991.183
665129.172
665820.039
