Greedy
890.763419
845.915656
894.713399
888.698068
860.798093
892.532412
890.763419
899.573877
845.915656
844.421794
899.809505
890.763419
883.574933
892.532412
844.421794
861.491780
888.933696
843.846322
846.752316
891.460125
890.763419
878.467798
845.309780
883.910793
884.795886
908.446707
888.698068
891.186888
843.846322
874.358881
Cycle
918.294421
917.791743
893.164347
909.206904
921.161376
998.662929
999.658654
958.096596
991.681113
1027.78893
921.333081
978.177356
1018.68215
889.912946
930.196376
956.747321
961.237556
889.342558
1000.34918
1011.86169
971.124803
989.656469
958.001109
892.718500
982.060413
1002.93408
965.789934
1032.03662
968.388757
1023.73687
Partially Xover
887.129216
846.942247
852.537816
905.566102
910.915552
860.219406
945.876781
896.619332
902.504152
855.233646
894.769133
1088.05854
907.590723
876.388917
892.239775
862.219446
882.097326
916.257668
906.794563
838.546154
882.546460
971.739187
932.756143
872.775103
850.293547
857.749275
877.803431
913.659025
966.550031
859.046571
PrecedencePreserve
1175.79056
1160.67850
1212.44127
1154.80895
1100.54319
1163.30083
1197.19777
1284.45750
1069.19601
1231.31069
1180.26756
1173.97631
1187.78773
1353.88333
1174.69559
1253.97981
1128.33910
1195.51175
1205.09451
1060.93762
1192.97293
1184.57078
1209.12267
1236.05516
1324.30453
1239.44876
1247.43891
1095.20882
1053.10257
1242.27807
OrderXover
1053.47110
887.551065
931.944593
956.016274
1029.65321
948.166268
990.024399
943.793421
924.618782
995.907354
923.200906
996.337225
1025.11595
1060.83112
949.651897
1006.31555
1030.01919
957.344198
962.880901
957.585553
944.776062
1044.87923
904.879541
922.055029
1086.24638
971.666037
870.818869
1086.94657
1035.90014
1008.04995
