Cycle
38912.6124
40834.6031
39431.8274
39164.7450
39568.6751
39817.1621
39541.5563
40552.1348
38342.3614
41142.1254
40683.5361
39180.3040
40590.3599
38341.9056
38924.2478
38996.1066
40271.1708
40932.0113
39750.4870
39451.3402
40433.7386
38130.8730
39491.6543
39368.2591
38139.8072
38324.3675
40499.5124
40070.4918
41523.4052
39052.6024
PM
35336.5594
36873.1892
36559.0414
36204.6008
36868.1775
35768.0869
36902.1859
35575.6723
37116.8210
37113.6161
36498.0933
36348.1292
38341.5751
35578.6245
36453.9873
36325.5863
35041.1662
36967.2386
36219.9355
36042.7880
38048.4881
37391.3252
34484.8383
36805.6656
35937.0277
34882.4397
35308.1248
36397.2663
37567.4640
37057.7790
Precedence
47051.4363
46628.1613
46438.9489
45955.8067
46282.4113
45755.4037
46474.6473
48361.8071
48373.3113
45368.1985
46312.7411
47631.6238
47311.0711
43914.2129
46402.6978
46523.7117
45099.2931
46191.9114
45747.9716
48055.5690
45669.7411
47485.2787
46335.8105
45586.8842
46856.1673
44743.4029
47302.9900
46252.6987
46451.3061
46536.2131
Order
45297.9252
44903.5248
45963.7123
46702.0246
45581.9744
45422.2676
46322.3690
46679.6719
44988.4369
46777.3147
46426.1047
46771.2694
46596.6243
47400.2177
44354.3248
44733.8504
46454.6660
47736.4790
46034.2061
46208.5545
42513.7232
44294.7518
42642.9596
45162.7499
47621.4513
46886.8417
46364.4881
44158.7931
45635.9023
46225.7733
Greedy
31017.1087
31267.7361
30843.4207
30851.5565
30914.8915
30850.2265
31759.3664
31397.8086
31193.4436
31501.6938
31415.3620
31228.0215
31257.1293
31115.7501
30919.4261
31171.8425
30859.5907
31118.7946
31070.2643
30935.2985
30975.3034
31407.3456
30904.0731
31274.2275
31516.1247
31155.4882
31169.6794
31847.7766
31385.8357
30955.0636
