Order
98408.8874
98771.0878
99620.4089
97919.8384
95825.0419
95550.1093
98617.5070
100095.072
97931.3842
96466.7391
100269.498
102480.171
97323.0781
100309.286
98517.8880
96741.9906
97567.6148
101398.463
98632.1249
98332.0725
98524.0206
93372.2149
97941.3834
97068.5589
101629.381
97436.1418
94530.7856
98347.7621
99314.6191
97356.7083
Greedy
20623.7168
20267.4585
20217.1113
20414.9597
21201.9801
20487.6371
20386.2763
20172.3319
19923.9810
20756.1765
19953.4073
20422.9814
20294.4794
20484.6139
20932.1687
19919.2117
20527.0545
20427.2918
21352.4074
20172.7800
20464.5278
20125.1564
21512.4432
19948.4895
21265.6306
20631.4065
20651.8302
20129.5752
20287.9954
20068.6858
Cycle
123516.354
121794.764
120706.418
126955.631
123942.053
125415.331
123185.784
125952.602
124941.563
126082.446
128592.571
126281.747
119281.294
127304.631
125070.677
128345.408
121159.044
120699.424
122425.883
124151.332
123542.575
126168.288
127552.686
122890.234
126419.054
121651.420
129061.682
121352.719
122310.762
119582.672
PM
109079.077
109565.198
111834.988
103214.265
107797.802
110801.760
105165.464
106872.702
103483.799
109181.201
111225.028
108488.760
108521.261
105174.843
111185.029
108530.824
109869.737
109649.058
104371.304
108140.761
103189.841
113395.070
106255.183
110603.148
102762.683
111067.512
107392.155
111976.571
107378.028
107407.030
Precedence
135578.756
132890.609
135899.485
138020.920
136669.038
136127.587
137392.931
140111.029
142097.354
138081.949
136122.571
136624.660
140931.491
138435.501
136977.822
144920.696
141660.041
139329.763
138716.198
136806.083
138166.593
140334.173
139612.500
139516.020
141019.422
137730.345
134918.150
140154.454
138731.868
142163.228
