Greedy
86907.8719
87702.0586
88257.2693
87608.5521
88215.8938
88068.3696
86726.9787
87323.8586
88296.4213
86670.2945
87132.4649
87667.3227
86780.1486
88170.1491
88181.6174
88108.0430
87778.3552
87515.7684
86612.5280
86814.8495
87507.9432
87019.5099
87744.1864
87877.6657
87130.9428
87624.2303
87241.4204
88250.7308
87795.1637
87734.1967
86579.5499
88145.5586
Order
400068.080
383817.091
400545.682
402079.175
386796.314
391483.962
407785.253
397742.766
396339.385
401608.269
392924.446
382540.098
387902.424
390563.916
384963.459
390571.434
381321.714
402053.394
404640.791
377779.233
382190.870
376976.130
376312.969
382730.009
377250.452
390258.253
403168.060
399538.975
391939.864
404801.752
Precedence
458628.308
448825.723
449135.394
446738.630
444139.031
469634.860
448482.530
443961.066
448893.075
454325.800
456441.754
460765.738
446419.055
448586.175
444967.967
462790.115
454061.056
443650.187
452318.647
457485.832
458286.763
456147.539
448768.677
451180.144
460800.531
455353.871
453179.995
441434.888
448935.632
465921.583
PM
391699.474
385961.961
381070.333
402265.593
385626.850
394473.507
389192.392
404691.558
374904.753
390086.082
396644.614
392788.236
393180.901
393320.647
389567.854
394765.729
390365.269
384078.927
378620.892
394368.703
406552.395
394306.453
369437.730
388982.523
389200.875
401063.996
394902.800
385274.905
385367.226
396380.409
Cycle
463925.900
453916.545
446422.766
467971.010
476688.815
444738.369
471673.940
454681.223
462289.321
450202.291
456587.851
444967.501
462997.110
460447.595
459088.367
456088.777
457854.490
456162.987
457735.525
455262.981
447027.573
446681.115
457601.738
470748.075
454683.435
471093.499
452473.099
458567.761
455736.281
457794.293
